303.220042
6.303459
2.730708
13.188375
10.402625
2.552750
3.444875
4.610875
2.589917
12.729500
9.756917
3.747916
2.956042
2.934792
3.696291
3.931041
2.752875
14.046250
3.336541
3.215916
3.076625
2.604125
8.187625
4.534375
3.039416
3.283583
3.339375
3.804750
3.450042
3.424459
2.723250
3.805792
3.265375
2.958209
3.467375
2.985583
4.428459
2.624500
3.510250
3.403375
9.947500
2.629875
4.285500
3.679500
11.626042
3.066125
7.854584
3.137583
4.444875
3.189625
2.610959
3.887083
2.645416
3.047584
3.649708
2.974459
2.752375
3.813917
2.648916
2.572708
3.669250
2.992083
2.756584
3.852167
2.633709
2.740583
3.907250
3.217500
3.002584
3.543458
3.415833
12.712416
3.574041
3.595125
3.025917
4.350917
2.927708
3.347584
3.456625
2.704875
2.716917
3.423334
3.245667
3.090916
3.450834
2.762667
3.512584
3.789000
3.490208
2.793000
4.460334
3.849959
4.167750
11.954041
3.990208
8.837583
3.459291
3.834917
3.576750
3.856333
13.523166
4.494292
5.584708
5.167292
5.287500
4.765917
5.337958
5.613583
5.125875
4.819875
6.356584
24.232250
4.858666
20.152750
3.704208
4.440833
5.912959
5.227792
6.229334
5.170417
4.820959
4.909958
4.524167
4.683333
5.775750
4.785833
4.839292
20.875958
3.715834
5.896042
5.497750
5.190209
17.860250
4.533750
3.704125
4.451042
4.299625
12.102750
5.550125
4.288834
5.156167
4.265375
3.955583
5.207250
5.181000
4.262042
4.771291
4.494000
5.144167
4.896958
4.257959
4.820083
27.771708
5.138958
6.052166
5.614541
4.399833
4.761125
4.734333
5.392750
5.110333
6.100375
3.963541
5.111750
4.536459
5.908917
8.419500
4.560959
5.595166
6.304750
4.812375
4.218833
4.644459
4.915417
23.250500
5.381583
6.170625
5.773250
6.880292
7.182125
5.274875
5.400958
4.494584
10.837084
5.370333
3.838167
3.640209
3.804666
3.992292
3.908250
4.161792
3.828750
13.516375
3.841708
5.104584
4.258083
17.311625
4.668958
4.408042
4.162917
3.656709
4.298291
3.820667
4.210792
13.744208
5.386833
4.451292
4.188041
4.538916
4.871334
5.296750
15.731917
3.826625
19.998083
4.594333
4.682959
5.349292
4.165959
3.657583
3.563666
4.032584
3.581708
4.877875
4.662958
4.369292
6.163709
6.232792
8.953375
8.558125
16.626542
7.055834
12.125083
3.921000
3.984750
5.184250
14.694417
5.249083
5.602125
5.316625
7.770542
5.840917
4.479959
4.814167
4.547042
9.172958
4.084500
6.163541
14.219833
5.403666
6.196250
6.190417
5.390250
4.446875
4.047500
4.199000
4.440166
6.168583
4.074625
21.125416
5.318041
21.058375
3.782958
4.979792
5.292083
20.026042
3.776875
4.991375
4.823375
5.616208
5.531125
7.968916
5.199500
4.317542
4.588000
4.136750
6.141000
5.622209
4.469292
5.571583
5.196250
5.208958
7.194792
4.093375
4.643834
6.599000
6.505750
3.911917
3.921041
4.527291
4.628875
5.604833
4.308167
17.493709
4.660833
4.145167
21.509959
4.873042
5.357166
6.120584
8.598750
5.241375
4.912916
4.891667
4.602167
13.959958
6.276209
4.629375
4.605250
5.576292
5.183584
4.879291
6.156500
4.916000
4.840209
5.968625
4.117500
4.159417
4.551292
5.538916
24.277167
7.862750
17.603042
3.741750
5.895625
19.942041
3.951417
5.459041
5.221042
4.285334
5.149875
4.507916
5.530791
5.873500
3.931625
5.466208
6.279750
5.463042
4.653125
17.624041
4.933750
4.795166
13.644250
3.700792
4.795542
5.808291
5.514125
4.899667
5.618209
4.775875
5.619084
5.555583
4.948208
5.265917
4.687583
3.793667
4.255209
3.220583
11.791666
3.715416
3.822375
3.745292
3.350042
3.603834
3.640083
3.576666
2.909083
3.167542
3.358875
3.759083
3.405750
2.993083
3.202375
3.626333
3.541791
2.783166
2.780208
3.662916
3.525041
2.899583
4.277709
3.194250
3.116083
4.033125
3.821000
13.431125
4.617333
3.818208
3.171958
3.640417
3.894416
4.232958
3.020667
4.613417
3.953791
3.007042
12.461333
18.137792
3.998333
3.890625
3.145334
4.017500
4.844750
4.128042
3.950125
3.625000
3.251500
3.241583
3.852375
4.085875
3.229916
4.020542
4.157625
3.359542
4.300292
3.715334
3.575542
3.874666
3.698125
6.625375
3.177167
3.657834
2.996167
2.813500
4.098625
2.969667
2.819666
3.462125
11.012333
3.645000
8.555500
3.251000
2.821000
7.686583
5.487292
3.471584
17.499625
3.850792
10.705625
2.791500
3.792375
3.907166
3.755167
3.949459
4.134417
3.607834
15.997541
2.787166
2.991292
3.770542
4.410584
3.176625
2.752125
3.329458
3.775083
3.096667
3.492667
3.774042
3.557792
2.786959
3.576833
2.874667
3.255167
3.566000
3.315791
3.200542
3.259500
3.490875
3.457958
3.901208
3.332625
2.841041
2.669375
4.272667
3.514958
4.351416
3.243458
2.958833
3.772250
3.329208
2.811750
3.350583
3.870625
3.290458
3.998875
3.676375
2.925417
3.455708
3.491083
2.803083
3.501875
3.741250
2.660583
3.389333
2.841584
3.298125
3.933375
2.675250
2.709666
10.333375
3.542208
2.646375
4.016750
3.688542
3.535833
3.869500
4.024250
2.935792
3.041167
4.542625
2.957167
3.210750
3.600125
3.407625
3.244375
3.329959
3.324500
4.082584
3.495291
3.591125
3.582416
3.281625
3.057375
3.934125
4.557667
3.861584
2.955000
3.839333
4.204625
3.385583
3.878209
2.970709
3.865041
3.844875
7.705916
3.217459
3.743542
2.888291
3.351666
3.627625
14.917208
12.081250
2.986500
2.851125
2.868708
3.660541
3.522125
13.848458
13.580041
4.223375
11.355000
3.492208
4.102083
2.829750
3.775125
3.915833
11.893750
3.098625
3.711750
3.802791
3.108250
19.590375
2.737375
3.645625
3.874792
3.295917
3.602417
3.195250
2.834292
3.763667
3.636209
17.941250
3.098542
3.476042
3.599750
3.018250
3.746709
3.664042
3.174583
13.183708
4.341167
2.702083
3.382167
4.579833
3.333042
3.013375
3.569750
3.548166
2.670917
3.594542
3.820917
2.693583
3.937417
3.178375
2.745833
3.906250
3.348875
2.749542
2.764417
3.906000
3.685667
3.168459
3.594542
3.518250
2.760375
2.933541
3.671750
3.532208
2.848125
3.604167
2.667917
3.917708
3.536667
3.312583
18.733750
2.724209
3.592125
3.268666
3.776084
3.620542
2.914291
3.761542
2.671875
2.651459
3.968083
3.426083
2.886000
3.468709
3.557041
2.895625
3.394250
12.251584
4.309834
3.246833
2.926125
3.469833
3.254708
2.815916
3.801083
3.143500
2.749375
3.414875
3.376709
2.657333
3.506833
10.209833
4.076041
3.029458
3.518416
3.319250
3.548167
3.843000
2.924250
2.799500
4.178834
3.581208
3.514000
2.957458
3.682375
2.672041
2.694500
10.392625
3.318792
2.744750
3.796375
3.464541
2.950083
3.385834
3.900667
2.886333
3.225958
12.051834
4.744208
3.224500
2.738792
4.032917
4.096875
3.251958
2.995000
4.360167
3.877166
11.634625
3.869417
8.822125
4.184125
3.490292
3.367125
3.268750
3.820209
3.884459
14.294417
4.434834
4.712708
3.620542
11.420250
5.387584
3.100916
13.707083
3.235542
3.756625
4.094750
3.931625
3.190625
3.854208
3.924458
3.966292
3.311292
4.313084
3.428875
3.911209
3.046625
3.797542
3.639584
2.968125
3.494625
3.357000
4.169375
3.159583
3.619083
16.557625
17.017000
16.397583
3.179375
3.147166
2.936875
3.601500
3.883417
4.049584
3.517250
3.344250
3.126208
7.782083
18.188708
2.920750
3.727792
3.657000
2.968875
3.951125
3.218375
2.856708
3.890708
3.235708
3.468875
4.062750
3.411000
2.874458
4.028375
3.212792
2.968291
3.637875
15.760459
16.575750
3.463666
2.974875
3.360625
17.348542
10.992667
10.143000
2.933875
12.615917
4.292875
4.890541
3.056459
6.514417
13.485584
4.571458
4.155000
7.347042
3.025291
3.716375
3.740166
2.908333
3.994250
11.704375
4.508625
2.964416
3.322375
3.449000
2.798542
3.083125
3.879084
3.609000
3.501667
3.269791
3.679417
2.901625
2.706333
3.469542
3.737709
2.989542
2.735041
3.858166
2.905250
3.885709
3.476791
2.710166
3.948583
3.078917
2.762583
3.772500
3.519875
3.541917
3.168541
2.607250
4.229791
3.459292
3.660166
3.560708
4.197083
3.431125
3.821958
3.224083
2.823875
3.474833
3.275208
3.694125
2.672583
2.755416
3.463375
2.783583
2.642917
3.250291
3.042875
3.799875
3.466416
2.653917
3.493375
3.077834
6.983750
9.253708
12.604042
3.123750
3.110750
3.590917
2.695750
10.583000
3.961792
3.452500
2.648625
3.508208
3.263417
3.589625
2.762791
2.742916
3.470791
3.754708
2.714459
3.911667
3.111958
2.624208
3.684042
3.192708
3.873292
3.428625
3.542250
3.397042
17.156666
14.672083
4.026500
3.214209
2.767084
11.802292
4.008750
10.715125
3.057041
2.722417
3.679917
3.009709
13.013541
18.169500
3.826209
2.924834
2.785958
3.883250
12.443083
3.163042
2.974167
3.067875
3.424875
2.645667
3.581708
2.664166
3.772917
2.700334
2.610458
4.194416
3.217959
3.978500
3.705042
2.712875
3.521750
3.479000
2.673916
3.638333
3.033000
3.437541
11.591958
3.865459
15.050959
2.868166
12.074792
4.245500
3.381625
3.448542
3.900042
3.205584
4.283917
12.787667
3.352917
3.228791
4.158709
3.005084
3.138584
3.598708
3.048375
2.664209
3.621917
2.665292
3.661292
3.488250
3.495125
3.401709
3.447125
2.792042
3.940666
3.735083
3.298292
3.430542
3.345167
2.622958
3.950542
3.240167
11.084208
11.066417
4.229458
2.736167
3.892666
3.822875
8.229416
10.011167
3.167959
12.403209
3.962584
2.623666
3.530000
3.432500
2.644042
3.615458
3.654750
3.337250
3.848125
3.179750
3.548750
2.767542
3.570833
12.312042
2.754250
2.707209
3.705709
3.305708
2.635834
10.758459
2.883333
2.902291
4.532208
3.276458
3.061625
4.346875
3.509333
3.245625
3.360750
4.603500
4.055209
4.391792
4.055708
4.220959
3.310833
13.238042
4.037583
12.972500
5.159958
4.646917
13.786458
6.444292
3.830250
3.933625
3.190875
15.421334
3.215916
3.159417
3.962583
3.751209
11.812792
5.159917
4.032334
3.905833
3.958458
3.343834
4.320625
3.935458
3.175291
15.079791
3.005667
4.608208
4.068041
4.501917
3.710333
3.154834
3.157125
4.434375
4.182375
3.349417
3.021792
3.397375
4.292750
4.448917
19.910125
3.187167
4.184625
3.909583
3.437708
3.665250
3.782042
2.978792
3.037958
3.595292
2.946250
10.860958
4.488167
12.846959
5.795875
3.819042
3.045125
4.022417
16.471792
3.427417
3.319834
3.652792
3.358542
3.693292
3.383875
2.912250
2.762625
3.281917
3.440791
2.793542
11.009792
19.267542
3.382583
3.467375
16.557583
3.900209
5.290500
4.757375
4.632291
4.681166
20.610666
3.484500
3.555000
3.752459
3.869500
2.975500
12.033792
3.518750
3.334625
2.734916
3.889042
4.995334
4.732750
3.556166
3.431875
2.663000
3.438750
2.759416
3.931708
3.393291
3.976958
3.242500
2.898542
3.646500
3.573291
3.030083
11.347291
2.800000
2.972959
3.531875
3.389917
4.055375
2.600166
3.696208
7.594375
4.786958
3.063708
3.047125
4.120000
11.022334
4.240416
3.896334
3.370917
2.953375
10.526750
11.663292
10.483041
2.584041
2.852375
3.668459
3.383541
13.058917
3.597083
3.650584
3.893166
11.222375
2.936042
3.226083
3.449584
3.615709
3.275542
2.975000
4.016542
3.643208
3.924584
3.038791
4.215709
4.224208
3.148875
4.178291
3.686958
3.790042
4.436125
3.573000
4.622833
3.950250
3.802333
3.240000
3.415667
4.581167
3.913084
3.152500
3.030542
3.989916
3.602750
3.528875
3.815000
3.954459
3.094167
3.220125
3.141875
3.751250
3.716333
4.209459
3.877750
7.511375
13.790500
3.862916
4.099500
4.123917
3.228542
3.916709
4.019833
3.024833
9.164166
3.484792
3.248042
3.956708
3.001000
4.085208
3.722000
3.647000
3.056875
3.982625
3.076917
3.114625
4.206125
2.961916
3.506917
4.247500
3.142708
3.737417
3.984208
3.600834
3.075583
3.784250
8.358625
4.056291
3.195292
4.045125
3.106750
3.140667
3.508250
3.036500
4.057084
3.764000
3.940542
13.760750
5.116459
3.297583
3.911292
3.491584
2.947750
2.860333
3.560792
3.275083
3.016625
3.920334
13.887541
17.057666
4.103041
3.584292
5.411292
4.177750
18.493584
8.045625
3.690709
2.874125
4.341500
3.661375
13.163708
2.874583
3.816875
11.016875
4.661917
3.386458
3.090208
3.695958
10.705792
8.729000
2.806208
3.704292
3.643458
11.274250
4.464791
3.563334
3.081042
3.255458
3.076792
2.900541
4.123000
3.664833
7.401041
2.782791
3.914333
3.748250
3.661208
3.905291
3.206209
2.916292
3.545291
10.714250
4.003583
4.830542
3.668708
13.332750
3.701000
3.524125
3.100916
17.056166
19.395375
2.621125
4.021291
3.332208
11.780750
4.235375
10.449125
16.247958
2.890208
3.842042
3.015291
3.452333
3.629709
14.140708
3.250500
3.254917
2.769959
3.428000
3.407042
3.656834
3.468792
2.629750
3.416792
2.788584
3.688791
4.182250
4.816959
12.459959
4.121209
4.871375
4.500500
6.173500
4.619334
4.355500
4.226541
3.744250
3.484583
2.894417
2.834834
3.761333
3.521333
2.910167
3.820583
3.745458
4.197625
5.772750
16.008458
3.888500
4.244333
5.390708
4.483500
5.786750
5.214584
4.344500
5.642333
5.276542
4.880875
24.545917
4.984500
4.161333
4.681000
4.206667
7.113375
4.237584
3.982875
4.288333
4.358250
3.673667
3.026292
3.051333
4.093500
3.203834
3.112084
10.426541
2.618500
2.683041
3.495500
2.647583
3.247917
3.583583
3.215833
14.425375
17.811084
5.378875
4.913875
4.654209
4.719166
4.673667
5.237833
16.868792
3.944458
4.467584
3.681042
4.330791
4.354583
4.499750
4.010584
19.102459
3.828666
3.913709
5.154500
4.401958
4.877375
5.987917
3.970709
3.400375
3.340750
4.114958
3.525917
4.374291
5.150792
4.418292
3.295250
3.356000
3.313125
4.035875
3.580833
3.632833
3.435166
3.744000
3.979083
3.924917
4.211625
13.393291
18.000791
3.961750
3.450833
3.494500
3.139000
3.254000
4.203209
4.153750
3.349708
3.114334
3.976417
3.998167
4.479667
3.509625
3.977250
3.439083
3.313916
4.367750
3.623500
3.077875
3.095083
3.938667
16.996667
4.883500
3.744000
13.679166
15.710042
3.702250
3.283791
3.436125
4.378667
3.796542
3.815125
3.493917
3.084125
3.983834
2.932125
2.898958
3.801209
3.775542
3.600458
4.097667
3.745000
3.069792
4.224500
3.761292
9.802125
4.531167
4.624250
7.152875
17.358834
4.502583
3.683458
3.491791
3.701334
3.685667
10.557125
4.173375
3.062750
3.974333
4.318875
3.412708
3.915583
3.079042
2.901917
3.616417
3.433792
3.081375
3.839875
3.863792
3.648708
2.930542
11.870750
3.516750
15.329667
2.769750
3.537000
3.802875
2.902625
3.823625
3.371875
3.532250
4.012958
3.542917
3.033416
4.151417
3.296000
2.856208
4.075375
3.525125
2.813334
3.942291
3.796167
2.824458
9.332542
3.498208
3.314167
2.690042
7.666708
3.487166
3.729291
17.984333
3.840750
3.294250
3.688875
3.885708
3.300083
2.818250
11.458792
3.458083
2.991500
3.615833
3.466750
2.745167
3.755250
3.615541
2.688209
12.302708
2.623542
9.122541
4.066000
3.074042
3.530834
2.675709
3.523417
3.170750
3.888166
3.100459
10.110459
3.515083
3.978500
4.039459
3.032875
3.949708
3.664166
3.165583
3.649958
2.795625
3.263917
3.618000
3.314459
4.144958
2.746167
2.799584
3.889083
3.434375
2.736000
10.615625
3.214584
11.350459
4.639125
3.384375
3.849417
3.847666
3.437792
2.764917
3.464083
2.666291
3.477500
3.449208
2.731834
2.942459
3.269959
3.621875
2.649417
3.746583
3.464166
2.659083
2.956875
4.398125
2.732125
12.381250
4.253041
13.507791
3.465666
3.388458
3.627542
2.922042
11.873833
3.592791
13.181375
9.828708
3.621042
3.546041
3.744875
2.672958
4.054167
3.168291
2.663333
3.944833
2.798834
2.665792
3.400750
14.818833
10.760750
4.951708
13.124875
8.937083
9.836542
18.319292
4.664084
3.243958
3.575625
3.448208
2.795791
3.597375
3.273250
3.510750
2.910958
2.825458
3.466042
3.088667
3.224459
3.490792
3.755458
3.408834
3.369417
3.868458
17.340875
3.089458
4.402667
3.435334
2.626625
9.937000
10.675291
3.954084
3.699209
3.109667
3.887000
4.524416
13.148750
3.328916
4.703709
4.875000
3.312250
5.000666
4.336625
3.351666
4.539833
3.493417
3.299625
3.969667
3.508250
4.360167
4.857583
4.081875
11.409459
21.743042
3.745000
3.741250
3.208417
3.599792
4.436000
4.299042
3.435875
3.291833
4.051417
3.547625
3.385792
3.245083
3.377959
3.780916
3.506709
3.026584
4.249041
3.000750
3.142000
2.920750
3.818750
3.715916
3.098667
2.670333
3.178708
3.818375
3.681042
3.529250
3.402000
3.007291
3.213125
4.005000
3.967125
2.617750
2.644208
3.414750
3.228458
2.765417
3.540959
2.788166
2.734458
3.994125
3.243125
2.899875
3.683209
3.058250
3.527292
3.428834
3.722250
13.596250
4.021458
3.567917
3.534416
3.199917
2.654166
10.249250
3.526708
16.189416
3.788791
3.062667
2.661000
11.945792
18.374209
3.224959
3.965417
3.239791
3.120833
3.743000
3.542666
3.934459
4.013583
2.985042
3.159334
4.095375
2.711667
3.491875
2.659917
3.365167
11.892625
3.086458
4.620125
3.322250
4.627916
4.085917
3.218791
3.223417
3.430000
3.889583
4.279500
4.366041
4.276167
4.567750
3.298417
5.174833
4.222167
4.025917
4.188292
17.577417
4.239167
3.501542
3.546792
3.395916
3.161042
3.870292
14.261583
3.653167
4.361166
3.172333
3.111833
4.613292
3.827792
4.528250
4.285042
4.015458
3.631000
3.222750
3.963166
3.031875
3.771791
3.139666
3.049792
3.804083
4.324125
3.753667
3.156875
3.061166
4.718375
4.082250
3.950625
3.491833
3.236958
3.055583
3.012625
4.122416
3.380625
14.059959
4.205875
3.102125
3.902125
3.905916
3.196833
4.394750
3.731791
3.021333
2.946125
4.122042
4.259083
3.439583
3.717167
3.678583
4.109125
3.822042
2.958375
3.496000
14.293125
4.521625
3.070166
4.204208
2.916792
3.154959
4.000167
3.962875
3.376792
2.915250
10.738834
3.033334
2.987208
3.905625
2.879625
2.855917
3.510000
3.483292
2.872666
3.731875
6.202917
6.679458
2.844375
4.117833
2.606000
3.763917
3.454166
3.449958
3.498083
3.576833
2.928666
3.904125
4.159833
3.647542
3.959250
4.928708
4.003375
2.978625
3.957750
4.039750
3.610208
3.111667
3.484166
3.791875
3.613084
13.422250
11.805292
3.704333
4.425083
3.609917
3.407750
3.611875
3.588292
3.360583
3.800000
4.026833
4.164666
3.695458
3.688542
3.094333
3.550875
20.472458
2.848083
3.888625
4.477709
2.917375
3.779792
11.267916
4.593041
3.630125
4.174084
4.277666
3.504792
3.951125
3.346125
3.116375
3.845792
15.030917
3.550750
4.032459
2.978041
4.080792
3.337542
15.456750
2.885500
3.374958
4.373458
13.761333
2.833292
3.013583
3.803834
3.770166
3.515084
2.883250
3.603584
3.714208
13.379084
11.497583
4.076000
3.233958
3.060667
3.514750
3.662958
2.891708
3.634209
3.146000
2.803709
13.351583
3.337792
3.431334
3.986958
3.678750
13.103083
4.182834
3.457250
13.525375
3.814041
3.727333
3.268666
3.276417
4.227417
3.420666
3.099541
3.966708
3.626459
3.506833
14.926709
18.622084
3.436291
3.741708
3.541125
3.647750
3.685667
3.453625
3.461375
2.772917
3.629083
3.561833
3.178042
3.693291
3.402333
7.990042
2.990708
10.891834
17.799125
2.951708
3.249000
3.515000
3.479791
12.381209
3.370250
3.480125
3.199334
2.869500
3.858250
3.777625
3.705750
14.595708
2.982708
3.985667
10.957625
4.525292
6.221542
3.567000
14.093292
3.133084
3.579958
3.266250
4.367666
3.591584
3.703750
3.165042
3.732958
3.906333
3.923709
3.514334
4.040041
4.092875
3.123791
10.789250
3.941708
3.890791
4.302084
3.014291
3.066666
3.934917
3.141875
3.374875
4.042875
11.433458
3.961500
3.413500
3.122750
4.310334
4.134083
5.255291
3.876041
2.959958
3.568959
12.238959
3.473500
4.063625
3.924500
3.583416
3.746208
3.665334
3.718208
2.987000
4.163708
3.611375
3.831875
2.946875
3.886125
3.111959
11.772000
3.887709
3.742292
4.153708
4.055833
3.900292
11.622958
4.480791
3.630167
3.012583
3.999250
3.402167
2.952500
8.045541
2.950125
3.938291
3.875375
4.313541
3.796792
3.099083
4.373542
3.103917
3.209167
4.184583
3.588084
3.781833
2.970291
3.717541
4.084833
3.118125
2.981083
11.421208
3.632250
3.957792
3.021667
3.700208
3.497291
2.912500
3.183000
3.791125
3.746292
11.202041
3.730500
3.558792
3.211750
4.074375
3.433708
3.359834
4.269500
3.909083
3.201875
3.026166
3.761209
2.889667
3.035958
3.622917
3.971292
2.995167
4.027708
3.869375
11.318334
5.026541
3.562042
3.920833
3.990750
3.477875
2.857416
2.924667
4.133125
3.339000
2.939291
3.046583
3.747042
4.123791
3.013792
3.895166
3.993416
4.267750
3.775000
3.947208
3.770958
3.827125
3.493750
3.175541
3.276875
3.518084
3.261875
3.020875
4.017666
3.616875
13.240417
18.714125
18.518334
3.025125
3.856375
13.692583
3.108584
12.309333
4.078666
3.725792
3.083666
3.833542
10.379291
4.881041
3.536209
3.181791
3.101083
9.031458
3.685333
10.773959
4.596583
3.606083
3.184625
3.641667
3.693541
4.365584
3.547417
3.504417
3.071625
4.269375
3.097625
3.278250
3.693250
3.897375
3.608458
3.776458
3.987834
3.909041
12.029166
4.059041
3.468834
4.164000
3.442750
3.945458
3.118792
3.163250
4.000333
4.027083
2.997709
2.959583
4.262917
4.071000
3.436875
4.027750
3.401666
3.032042
4.827833
3.962917
3.944667
3.547500
3.619834
3.533375
3.246625
3.929958
4.201625
3.782666
3.140916
10.055083
3.546167
3.090458
3.108125
4.350083
3.538208
3.104709
4.041916
3.620708
3.584750
2.886750
4.132458
3.764875
3.052458
3.504208
3.690334
3.236041
2.996709
3.577292
3.564167
3.719625
3.342709
3.114750
3.548583
4.345208
4.345709
4.207208
3.334333
2.911500
3.449708
3.933916
3.043708
2.979084
4.065834
3.613083
3.378916
5.137625
3.847084
3.116833
2.915584
4.295625
3.455000
10.998042
4.249542
3.153667
3.027833
3.752042
4.336958
3.175083
3.853500
15.775292
3.921166
3.155375
3.327834
5.010750
3.318166
2.922875
4.178042
11.297000
3.534833
3.464042
3.660958
2.849750
3.723917
3.734709
3.370834
3.958083
3.316292
4.161875
3.533667
3.498500
3.495208
3.690917
3.753208
2.989333
17.730042
6.778792
3.660625
3.591917
3.753791
3.216333
15.159542
4.272833
3.276375
11.164750
4.112083
4.156375
3.433291
3.299959
3.614709
3.450750
4.518458
17.437625
19.248583
3.523375
3.048667
2.820959
3.275959
3.451125
2.776667
3.942584
3.265458
2.702167
3.732375
3.017750
3.093000
4.446542
3.176833
4.210042
3.854667
3.589500
3.346167
3.663042
3.760000
4.060708
3.227750
3.228625
3.001084
4.175042
3.728292
3.018166
3.884209
3.040541
3.225958
3.485000
4.469416
3.680750
3.143125
3.881833
3.847334
3.214333
4.284708
3.957334
3.655375
3.462791
4.063334
3.878125
3.093000
9.998625
3.883250
4.273375
2.962875
14.238333
4.230625
3.609875
16.141125
6.569292
3.764833
3.341375
11.439709
3.327875
2.933542
4.397666
8.927250
4.802000
3.594959
3.815625
4.041541
3.519625
13.862208
11.032458
2.969125
3.290375
3.766500
3.079542
2.953833
3.759458
4.333625
3.318000
3.459916
4.150917
3.691709
2.834000
3.505584
3.430125
3.214125
3.951750
11.054541
3.747667
3.481125
2.809584
3.733750
11.049417
2.798083
3.759958
3.985791
3.307375
3.696500
2.945084
2.879666
3.685334
2.860542
2.830500
3.984417
11.362625
5.195042
2.840125
4.089250
4.042292
3.751708
3.946500
3.764333
13.608208
4.180166
2.822291
4.225708
3.469250
2.866791
3.262000
4.512250
8.623292
3.837333
2.917500
2.852292
4.069208
3.452958
2.785375
4.472375
3.345917
4.201500
3.597125
3.253458
3.166084
3.582833
3.753125
3.077417
4.307333
3.506500
3.414125
3.948084
3.914708
3.047833
3.839959
3.679041
3.109959
4.204167
3.461542
2.913500
3.702708
4.223375
2.773041
3.395417
2.952750
3.678959
3.881042
11.198500
4.258541
3.061458
13.949750
3.415167
3.622667
14.389208
3.898750
3.453458
3.438292
2.828125
4.029625
3.503875
3.093291
4.103333
3.952208
3.902625
3.241125
3.967500
3.874417
3.372375
3.671125
3.090917
2.777500
4.239084
3.900667
3.696583
4.291125
4.560125
4.382417
5.028625
4.299291
4.968084
4.898416
4.469792
4.726833
4.443250
3.872667
4.477500
5.400084
5.422333
18.978167
5.526750
16.010708
4.350625
5.504500
5.647125
4.327500
5.721000
24.586584
21.384250
11.102334
5.325042
4.651750
5.219459
21.737916
4.138333
4.482125
4.427791
5.290542
5.362208
4.678083
5.666250
17.509875
4.313000
25.165583
4.008583
5.460000
6.539708
6.161583
24.564625
4.168834
4.676084
19.954500
4.834250
4.637416
4.376125
5.196417
4.132084
16.847583
3.778875
12.096666
10.000416
5.182458
4.868208
5.042750
5.980708
27.469667
4.817125
16.276583
3.720917
3.672834
7.034625
5.035833
24.251667
3.705583
5.189125
5.540667
4.858917
23.200709
6.694459
4.797250
4.793917
5.108208
5.877291
7.063208
19.430542
4.429292
5.301541
4.531208
4.767625
4.471292
4.454791
6.072667
4.462209
4.623459
5.408750
5.104042
4.878792
4.713250
4.024875
4.003292
14.228500
5.014084
4.683333
3.973375
4.928834
4.429250
18.716583
19.508042
4.159625
5.032417
5.364750
4.590542
5.763959
4.738541
3.939834
5.762875
5.458083
5.846000
4.159083
4.743125
5.364375
4.927500
4.743083
3.649834
4.081542
4.409208
4.831291
5.023125
5.343084
3.751917
3.962792
3.897750
4.583459
4.124417
5.238584
4.410583
4.772292
4.676667
4.650125
3.724250
3.956875
4.385250
4.376834
4.000417
9.906792
4.498167
15.142334
3.505084
3.623167
3.476000
4.043417
4.232417
4.454833
3.782042
3.622209
3.515417
3.489708
3.930167
3.969625
4.124291
4.701916
4.523709
4.365292
3.722250
4.074750
4.668375
4.631167
3.757875
4.113375
3.382000
4.513666
4.030917
3.710417
3.512125
3.702375
3.995333
4.883042
4.139250
4.071667
3.744250
3.779625
3.738125
4.002125
12.003666
4.196958
5.018042
4.794125
4.242625
4.148666
3.535042
5.182667
4.823042
3.825542
3.064875
4.062542
3.337959
3.386542
3.047750
4.374208
4.133583
4.046666
3.359250
4.269458
4.159000
5.155458
4.513917
4.798166
3.980250
4.272667
4.582208
4.022792
4.645584
4.667916
4.852458
4.301084
5.230792
4.442792
4.191292
4.428166
3.817708
3.849542
10.968875
4.407167
4.738542
4.904667
4.370416
6.474916
15.182417
19.195250
5.249417
3.455333
3.277042
3.448000
4.474709
5.431500
18.137750
4.404458
14.701083
3.704709
4.304833
3.953208
3.852209
4.090583
4.374042
3.097167
3.418916
3.227375
3.572708
4.147959
3.752375
3.715708
3.823625
4.062125
3.956750
3.969958
4.097083
3.462667
13.270792
3.264458
3.765375
3.469916
9.604458
12.808000
3.789000
3.706042
2.988417
3.695250
3.996167
3.453542
13.847542
3.821250
3.838166
12.461958
3.092750
3.150625
4.427375
10.374333
4.225125
3.810584
4.228250
4.127292
3.793583
4.440541
4.153583
4.053375
3.679792
18.061958
5.365709
4.431292
4.827459
4.076334
4.241708
4.047875
3.779292
4.476416
3.638042
4.761083
5.056500
4.218666
4.752250
5.160333
8.600833
5.814000
4.796875
4.624042
5.038500
5.082292
4.655833
5.666834
18.932667
4.751875
5.297958
4.685125
4.700459
4.497083
4.986625
5.558875
4.160708
4.719667
5.007916
4.763000
3.814250
20.379875
19.328084
3.616125
3.722250
11.998209
4.392500
4.363541
3.562959
4.574458
4.624292
4.870583
5.994292
4.334250
4.882375
6.694833
4.543958
11.060708
15.003667
3.503833
4.586708
3.842833
3.836458
3.528333
5.370000
4.491084
4.780125
14.168292
17.617792
3.639584
4.596958
4.462125
4.993958
4.426334
4.371291
4.151458
10.848833
16.231584
3.367458
4.293917
3.820833
4.111958
3.817834
4.077917
3.746750
3.309750
3.563708
4.039750
3.830291
3.603666
3.299667
4.407875
3.785000
4.029334
11.959458
4.338250
3.507584
3.637875
4.497834
4.340208
13.623708
3.196166
4.482042
3.205333
4.153583
3.878375
5.020208
4.003792
3.172667
3.438209
3.885917
3.464083
4.614708
3.063708
3.207750
5.029333
4.016875
3.118500
4.257917
3.432666
4.455292
3.621125
4.075541
4.772666
3.816042
3.110917
4.757667
3.739041
3.938250
4.416209
3.204417
3.078667
3.975583
3.558167
3.078625
3.744708
4.451917
2.987916
4.380292
3.508708
3.529250
4.103292
5.445917
4.468750
4.904167
5.908291
5.055792
5.140333
4.049000
4.241792
4.062708
5.808667
5.063333
5.290958
5.345959
5.435083
4.241583
5.053083
5.166417
4.052583
4.383916
4.783667
4.536000
5.058500
8.078917
6.193500
7.823750
5.772666
16.248792
4.161667
4.738708
4.743458
11.749000
7.893541
3.970959
4.709208
4.749791
19.479792
4.182500
4.159833
4.851666
4.714250
4.402125
3.656041
4.688625
4.773333
4.944792
4.491875
23.153334
8.739208
6.157250
3.503000
5.042459
4.603000
14.149208
3.851625
3.726292
4.367458
5.745333
4.701791
4.363375
5.257041
18.975459
3.935292
4.500000
5.721209
4.791708
4.346500
4.764042
3.964041
3.405791
3.390166
3.542958
3.952416
4.143417
4.492208
4.496583
4.538458
4.275291
8.079209
3.945000
4.820875
4.326792
4.524167
13.879791
3.451917
4.328125
4.336000
4.655334
3.323459
3.591042
3.636750
4.861917
4.190125
4.240166
3.420417
4.527875
4.351292
3.274959
3.585125
3.217041
3.774084
3.442042
3.393750
3.749958
3.978625
4.447209
3.168917
5.236250
3.176750
4.405666
3.940708
4.330292
3.391334
3.319083
3.882167
3.897792
3.167875
4.400416
13.512167
3.125417
3.906791
3.696333
3.452708
4.124000
3.332209
3.586917
4.395334
4.348667
3.445542
4.083250
5.050709
4.175541
9.601292
4.653042
4.107417
3.997166
3.428125
3.029500
3.819000
3.272583
3.037875
3.805125
4.006250
4.085917
4.410333
4.172792
3.396750
3.584167
4.122708
4.355750
3.776291
3.554209
3.072375
3.500458
4.042708
4.613208
9.469125
3.344959
3.688375
3.223125
4.293041
3.983292
3.151583
3.220875
3.723000
3.075333
3.020833
3.975958
3.794500
3.548916
3.070792
3.755042
3.068667
3.759125
4.269333
4.456458
4.141500
3.024875
4.232167
3.830042
3.004000
3.624958
4.181375
3.908625
3.555083
3.635959
3.118500
8.597958
3.567958
14.328750
3.828167
3.923750
3.057250
3.683750
4.379458
3.699125
2.985500
3.881875
4.518875
3.562667
11.497583
3.639917
11.513834
4.684708
5.271625
3.420250
3.700542
4.074292
3.754792
3.020375
3.002208
4.139416
3.589875
3.273833
2.916042
3.935875
3.783250
2.679791
3.606041
11.756625
11.174000
3.641500
2.731666
2.691875
3.571041
3.734250
3.409792
2.574667
3.554750
3.368791
3.017500
3.910500
12.082291
5.187959
3.501708
10.360583
4.581125
14.081042
8.701416
10.248167
4.922916
13.318625
4.615750
3.906959
4.062042
2.995333
3.810084
2.977333
2.763375
3.777542
3.385958
2.633959
3.423792
2.621833
3.330167
3.370458
3.804333
2.715750
2.633959
3.565875
13.340959
5.354167
5.094709
4.503334
4.411167
4.212375
4.108792
3.659750
3.775125
4.238833
23.280333
3.807833
4.308750
4.475375
3.833750
3.835042
17.262791
3.811791
3.783125
3.798708
4.671458
4.534458
10.788167
8.369125
7.935458
15.411625
3.720375
3.013917
3.206166
15.234416
4.019958
2.873750
2.984375
3.940084
3.236375
11.730959
14.603750
3.249875
3.779000
3.560500
2.727875
13.342500
3.780042
3.845792
12.582500
3.617292
3.563291
11.330458
3.253500
2.722208
2.940166
11.867000
3.395375
3.977000
2.958083
3.572292
3.447334
13.436792
3.851834
3.984041
3.346292
2.948834
3.685917
2.886583
2.667833
3.480791
13.963000
2.699042
3.261875
3.659125
2.667041
3.425833
20.396709
3.588708
3.039458
2.905042
3.469292
3.643250
3.557291
2.636292
3.975083
3.305834
3.072750
4.029458
3.877542
2.862917
4.560583
3.189292
3.197333
3.703084
13.953000
18.238250
3.675500
4.295250
4.176125
4.003917
18.281541
4.254042
3.473250
4.507750
5.476750
3.879458
4.497375
4.275709
4.389750
5.302375
4.163375
4.218417
3.513583
4.472625
4.507000
3.965708
4.856750
20.026750
3.717125
7.264917
3.087500
3.720542
3.588041
3.076458
4.011916
3.457625
3.703000
3.342792
11.968333
3.268250
3.506167
4.033792
2.760042
3.482875
4.256042
3.755750
3.897875
3.777292
15.385458
5.281708
5.202625
5.970083
3.683208
5.163208
5.179250
4.947917
4.987250
5.091791
6.004583
4.760083
8.739583
4.713250
17.882542
3.996625
3.966458
3.914625
4.257958
3.627250
3.286375
3.375334
4.030417
3.729125
3.581292
2.881167
3.656958
3.346042
2.669000
4.676833
3.256417
3.348500
3.592750
14.723000
4.702500
3.315833
2.799959
3.545583
2.903208
3.485291
2.778166
3.997375
4.317708
18.332459
5.293125
4.860166
4.567500
5.744625
15.355041
13.445375
5.166541
4.425042
4.479916
4.221292
6.053084
4.959041
4.726375
4.209667
4.508041
3.497000
4.814042
4.190208
3.293083
3.514375
4.111959
3.743750
4.856250
3.000125
3.076666
3.486416
3.417250
2.901917
3.520000
2.684833
3.465959
2.944208
2.626458
4.249833
3.463875
4.905209
4.264500
3.610125
3.154666
2.696667
6.526791
2.589167
4.203958
3.227041
12.456750
5.165166
4.793583
4.884708
4.797666
4.145167
3.854208
5.985625
24.105541
3.825375
4.258667
5.113083
6.784833
7.598417
3.635833
4.467833
8.311292
5.056667
5.113458
5.035084
5.780750
4.972083
5.448791
4.717792
5.078459
4.612125
3.751500
3.514708
3.836292
4.236584
4.727333
4.689167
3.851833
14.468333
3.247208
10.096584
4.504375
3.920291
4.077958
9.082208
11.605166
3.863792
3.489167
9.335792
2.917916
10.998541
10.710834
3.162333
4.273375
4.308792
3.274791
4.205042
4.121584
4.099083
4.071500
4.068292
17.380208
18.310000
3.709250
4.142750
4.202542
2.780375
10.487416
2.756708
3.550583
3.473000
3.812000
3.355167
4.486167
5.060750
5.159916
5.463833
4.125792
4.251917
6.615416
20.806458
3.720000
4.387541
5.648833
7.833584
4.766375
16.282916
8.826166
19.182792
19.852750
3.784292
3.546417
2.734375
2.731791
3.550833
12.001541
4.945209
4.736083
3.719375
3.600542
3.298334
4.144875
3.576292
3.376166
4.114083
3.690958
3.485000
3.301750
4.427792
3.297583
3.728792
4.151416
3.063666
3.405042
3.952792
3.500917
4.202417
3.135500
3.413792
3.692666
3.346291
10.928208
4.065875
2.957042
3.184834
4.377208
10.930208
4.453959
3.404250
3.149334
3.960250
3.388000
3.564833
3.219625
3.823042
3.160084
2.822666
3.503000
3.308542
2.855625
4.244083
3.462958
13.600792
4.304250
3.191833
2.675000
3.379708
2.954375
13.046250
4.098083
3.586042
3.654500
2.969500
10.981708
3.921250
3.085459
3.435667
4.093333
2.732583
3.696959
3.625542
2.597541
3.273125
4.101833
2.661834
3.401500
3.667750
3.756875
4.838375
4.091917
12.056042
16.137292
3.554208
3.750916
4.032917
5.756083
4.363667
4.783125
4.618583
4.508292
3.569125
3.697125
3.196542
3.535917
3.951000
3.526292
3.468916
3.147291
2.948167
3.690917
3.463500
3.723250
3.605167
10.586709
3.000083
3.048958
3.741333
3.131584
2.949291
3.673583
2.971208
2.836541
3.435417
3.783917
2.731625
3.506834
10.821250
3.497625
3.249375
2.835125
3.717292
3.697458
3.027542
2.838875
3.196500
13.595958
4.355875
3.135292
2.810792
3.520417
3.234209
3.100000
13.236291
3.873708
3.041417
12.715500
3.407000
3.243250
2.795584
3.633958
3.245375
2.654375
4.199583
4.274958
3.636958
3.690584
4.541500
15.880292
4.567583
5.515416
3.983667
4.532792
4.578042
5.073000
4.049500
6.655667
11.183042
6.746250
3.297458
3.866417
3.703000
2.713542
3.636791
3.959292
3.694167
11.830333
4.315958
4.332000
4.219917
3.872083
3.292125
3.419500
3.635250
3.672542
3.536166
3.807042
4.529042
5.767208
4.928167
5.380584
4.425333
4.157042
3.989208
2.994584
3.419000
3.884875
3.445625
2.861125
3.826166
3.479834
3.152167
16.171666
14.714750
4.261708
3.929583
4.695166
4.019458
5.116500
4.891208
4.890083
4.790458
5.455709
23.471791
4.504166
5.057334
4.201166
4.040125
4.678750
6.620417
4.074125
3.455625
3.232875
15.744667
2.856291
3.783917
3.420125
2.927750
3.229250
3.712833
3.912916
2.791958
3.680958
3.619333
4.224084
4.119958
5.227083
17.888708
3.740959
4.503875
5.042208
4.975125
4.380459
21.141792
4.509417
16.284667
4.352750
24.336458
3.698334
5.105083
8.368041
6.991250
5.427708
4.455625
4.560542
5.670083
4.217583
17.723959
7.213167
9.551042
3.658250
3.867458
4.918125
4.286500
4.320750
13.308625
4.595375
3.945750
3.575750
4.566875
14.083250
3.628208
3.751125
2.793250
3.179125
14.991542
3.734334
5.871125
6.061042
5.260542
4.341208
7.369083
4.127708
4.292208
4.587292
23.461584
3.697292
17.422667
3.867917
5.036458
6.977750
4.012833
4.127583
3.596083
3.340375
4.002333
21.120916
3.474708
2.813125
2.751875
3.864000
3.289250
3.416833
3.002833
3.774750
3.631042
3.041792
4.573625
5.446000
5.057750
4.242417
3.366083
4.073042
3.105292
3.357917
4.669375
3.378500
3.740917
3.698584
3.449208
3.428333
3.873583
3.744000
3.170792
4.123750
3.525125
2.866875
4.030375
3.406875
2.842459
3.596084
3.244167
2.758125
3.427167
12.180750
5.630791
2.846833
3.235500
3.235416
10.038667
2.634041
3.510584
3.600375
4.207292
3.937000
3.271584
4.120708
3.829916
12.355958
4.089500
4.107542
3.713625
2.887958
3.890584
2.826791
2.932209
8.489459
3.496666
7.015042
2.681584
3.647584
3.132125
3.988667
3.358000
3.239875
3.482625
4.110041
4.358167
4.967959
4.369375
5.159000
4.825916
4.708917
4.714167
3.788292
4.175959
4.629875
4.581417
4.533667
17.042958
19.253958
4.244875
3.671750
3.240125
4.089958
11.830375
12.076416
4.059458
4.375042
3.199917
3.416042
3.627917
3.902416
3.183750
12.768959
3.112792
3.676167
2.878416
3.645041
12.559209
4.433125
12.709417
4.211459
5.624791
3.371917
4.155291
3.652542
3.476166
4.288458
3.393250
3.802542
4.289375
10.833333
3.916375
3.027833
3.048583
4.179291
3.600667
3.236625
2.924167
4.092416
4.021584
2.895500
3.160375
3.718625
3.700583
2.907542
3.969292
3.217792
3.382834
4.508208
5.597791
4.110500
7.297541
4.042250
4.527583
3.391292
10.732542
3.535709
3.354500
3.307250
3.926125
3.823542
3.041750
21.437958
3.878750
3.117333
3.038875
3.989042
3.352208
4.417000
3.404958
3.073708
11.174791
3.999125
5.336417
4.748542
4.034292
18.178708
3.757125
5.508959
5.042958
3.799166
4.646917
5.409875
4.656541
4.775750
11.898750
4.062125
2.752334
2.770500
3.172625
2.637250
4.856916
4.016417
3.999250
3.877750
5.777125
5.209167
5.150875
3.916125
4.524125
19.598167
4.810791
7.211750
4.448125
5.359500
5.940959
4.758792
4.752000
4.284917
4.208042
5.043167
5.309375
4.403959
3.570750
4.510458
4.018000
4.170250
4.458625
3.285583
3.348250
4.040833
4.972958
4.259125
3.887625
4.191917
3.894708
3.829333
3.988917
11.316375
4.224875
4.690208
10.954541
4.127583
3.598625
3.014375
3.872208
3.686000
3.124209
11.618750
3.971791
3.600833
4.346833
3.808000
3.236291
10.200375
3.042250
10.355459
4.281833
3.493042
3.799375
3.359458
4.159542
2.924458
2.848750
3.291792
4.004667
3.158833
2.854584
3.672792
3.454542
3.762000
3.944417
4.874417
4.508792
4.134000
7.645375
4.160833
12.545416
10.911583
13.086667
2.867875
2.983500
3.431458
2.806292
3.979042
11.990959
2.749417
2.749000
10.303875
4.684125
4.747375
4.466542
3.559833
3.338292
4.132625
3.558916
8.556042
3.725417
3.065916
4.324458
3.535792
3.117667
4.303375
4.891583
4.225750
5.043708
17.802542
3.673083
4.955125
4.372792
3.392542
5.313625
3.503250
12.874584
3.070583
2.986417
3.634375
3.196708
2.569291
3.671875
13.035042
11.727667
2.915584
3.557292
2.897625
2.926750
3.610500
2.856834
3.113750
4.576416
4.734500
4.328958
5.040875
4.848167
5.210958
4.946458
4.234000
4.707791
4.288708
18.904417
3.491500
3.984000
3.823166
3.684042
3.935333
3.451417
2.856000
9.176875
17.222166
3.247625
3.420958
2.602583
14.474042
3.816542
3.069250
2.595125
3.703958
3.045125
2.579250
3.756917
3.203625
3.696083
3.836417
4.746750
4.957375
5.088250
3.685084
4.694750
3.989209
5.722416
6.032583
4.711042
4.682291
5.195166
4.307917
4.423041
4.713167
4.101208
4.559041
4.071292
3.752250
3.285125
3.226959
3.895709
3.880334
4.019292
3.219875
3.603542
3.751667
2.949958
11.862250
10.602916
14.859458
3.485667
3.825417
3.368625
3.702750
3.694334
12.910958
4.040417
3.749917
2.934708
3.675834
11.752792
4.862417
4.398334
4.221208
4.478500
3.699791
20.182084
23.416166
4.425250
4.705166
3.972834
5.114500
4.923375
4.735042
4.770083
26.026666
4.774625
4.241792
9.648583
18.426458
2.789917
3.723417
3.344250
2.909209
3.513209
2.667375
2.805792
3.480875
4.155417
3.018417
2.794250
7.295500
11.986958
5.148583
19.801667
4.245333
4.324250
5.912125
5.794833
5.333000
4.517125
5.723708
5.230333
4.100500
4.259458
4.673958
4.881375
21.026500
3.913084
5.239833
4.262667
5.451250
21.423334
3.787500
4.907417
4.908667
4.851208
5.256292
4.500917
3.761250
4.081916
4.458667
4.519000
4.811792
8.453875
4.932459
5.426291
23.437041
4.163916
4.540459
4.895125
5.659375
4.380375
4.858458
5.601833
4.254459
4.895667
4.153750
4.614125
16.130250
3.568375
4.333875
3.549250
3.792792
10.075125
3.843750
3.761250
3.375416
2.681416
3.514458
9.835958
3.526333
2.798916
2.733250
3.833125
10.459209
5.423750
11.608375
2.640667
3.798125
3.813709
3.706458
4.983209
15.851792
4.308334
4.278041
4.291500
4.221000
4.482708
14.036375
6.172625
5.180000
4.354833
4.627417
4.278250
5.310792
4.066083
5.717375
4.733417
4.638958
4.955750
4.492750
5.108166
5.229833
5.521292
4.879458
4.419000
5.568708
5.409208
4.497584
4.489500
3.889500
21.278500
3.839292
5.698291
4.447667
6.106542
4.274125
7.781417
5.819958
4.424125
4.281375
4.250375
6.492250
4.175292
4.111459
3.628459
4.175583
3.739583
4.042833
3.806000
3.376334
2.988958
3.723083
3.266792
4.207125
3.885333
4.083584
3.098292
3.792792
3.041625
2.958750
4.200542
4.297375
3.082750
3.305333
16.433291
3.148625
3.758708
4.195917
4.219750
5.549083
4.137208
21.668084
3.955583
5.415250
5.303833
4.710083
6.193209
5.846459
4.819333
3.924708
16.535500
3.889792
5.571125
4.818500
19.608250
4.537916
5.137625
4.299333
4.565875
5.172084
5.685000
17.497125
15.598750
4.905542
5.252583
4.173709
4.870208
4.702416
4.353958
3.908375
4.518041
5.374000
4.992000
4.474417
4.649958
6.322709
6.642084
5.915167
4.453667
4.721917
4.117250
4.323166
3.637375
3.812500
3.618125
4.689042
4.757042
5.080584
4.068125
6.063666
4.973166
3.791625
19.364083
3.741708
4.515292
3.830833
4.067041
3.869041
4.456834
4.852208
5.221833
4.209291
5.353375
18.136041
3.981250
4.150500
4.242791
4.738416
5.022333
6.274875
20.637958
3.822000
3.946417
4.750583
5.979167
4.418625
8.717833
4.153750
3.808291
5.686208
19.636333
3.951667
5.066166
4.941500
6.423291
8.327667
4.212042
4.819208
4.223833
3.823583
3.920459
3.378000
3.345958
4.399708
4.538125
6.423208
4.362375
4.802166
4.573000
4.321792
4.840625
5.973792
4.836375
5.215375
5.024500
22.575333
5.556500
4.872834
18.961208
5.116750
4.591542
4.975667
4.488875
4.562208
4.306000
4.733667
5.728916
3.906083
3.842542
4.366750
7.115416
5.258708
7.434791
5.965292
4.520875
3.905209
10.182792
6.736750
4.443875
3.916500
4.932166
20.112084
3.823458
4.491584
4.665792
4.761834
4.205166
5.072958
4.050125
4.711750
5.218708
4.719208
4.857666
5.168375
5.494291
3.863333
5.419917
4.726125
6.214125
5.126000
5.430709
4.791083
5.211250
4.143875
4.191292
6.208750
4.969208
5.778000
5.329958
4.544542
5.152542
4.520208
5.598042
4.479375
4.435958
4.968000
4.753917
5.118333
5.445583
4.396041
5.101000
5.472917
5.070500
5.299042
6.001583
5.605250
16.697417
19.873250
4.935584
20.369625
3.791667
3.991042
3.835958
5.155583
4.673459
4.022250
4.261917
5.309458
4.033541
4.615000
5.019625
19.536959
4.174333
5.503917
4.789375
20.528791
4.528791
6.195042
5.730417
5.366667
7.908875
7.684792
3.825875
3.823875
5.938458
19.171666
3.649875
4.853084
3.666042
4.675542
4.487000
3.585375
4.934084
5.397250
4.539708
22.764333
4.938666
4.875625
4.176125
5.910333
5.112167
4.738125
7.361833
17.688000
4.648292
17.703458
4.461209
4.991167
4.581125
11.003625
6.085250
13.438875
11.271042
6.013333
4.275916
4.747583
5.559750
5.672000
24.766667
4.779542
4.944833
4.841500
5.439541
5.272792
4.579958
8.864584
17.276750
4.321500
3.978084
4.649917
5.008125
5.479458
4.798334
25.109167
10.489459
4.903917
4.942333
3.959917
4.075875
6.274917
3.854125
4.052000
4.991709
4.403792
5.312875
6.062042
4.606166
17.368583
4.875833
4.732416
4.469375
4.429041
5.352083
4.063375
3.945250
4.308792
6.875334
5.364250
5.222791
5.468833
5.128084
3.993542
6.179833
4.490542
4.049292
5.188167
17.411041
22.481792
4.170458
4.675833
4.387875
4.182000
20.478667
10.712625
4.012667
16.592792
4.000334
4.168833
4.098875
12.561083
6.214583
5.311166
4.918375
7.243917
6.410083
4.460166
4.787125
19.847500
4.869125
4.342125
5.698667
5.055458
4.830625
5.140667
7.254083
13.917167
4.730625
5.114834
5.935709
4.845334
5.341250
5.438500
4.748584
5.442792
23.210042
14.750792
4.323750
4.506500
5.140250
5.432875
20.751208
4.742125
4.251042
3.918292
5.467792
8.627958
5.523416
4.134792
3.636000
6.357042
4.906500
4.184791
3.745750
4.046625
3.824959
3.182333
2.920583
3.486916
3.686459
3.001000
3.660708
3.648917
3.469000
3.417541
2.980250
16.569666
2.744250
2.920833
2.997333
4.062334
4.043792
2.816375
3.812792
3.244709
3.437958
16.289042
3.408417
3.260125
3.177417
4.056708
3.678167
2.725334
4.013292
3.444792
9.828042
9.061834
8.840875
3.224125
4.027459
2.754334
2.727917
3.172666
2.591000
4.051333
12.667917
4.250833
3.210875
2.817208
11.861834
3.507833
3.512792
3.866541
3.077709
2.722583
3.900833
3.436000
2.756834
3.233541
3.522708
3.080375
4.362167
11.098333
3.625458
3.249583
3.397958
3.967250
20.020625
3.484833
3.830583
4.743375
4.308250
3.874292
4.812667
4.831875
3.297750
3.222167
3.589250
3.080625
11.123292
3.667708
3.518584
9.056000
4.075000
11.723667
4.842583
4.309500
4.224333
15.763667
3.007208
3.034584
4.179625
3.697834
3.210875
3.932667
3.183167
3.033083
4.126541
4.269083
3.750000
4.723834
3.871334
3.170583
3.160334
3.113917
4.140750
3.751958
3.959375
2.988750
3.741458
15.337917
2.916458
3.173792
4.083666
3.816667
2.992709
12.398209
17.578708
3.201709
3.141875
4.274250
3.425625
3.324625
4.030209
3.520250
3.834333
3.414041
3.987833
3.232000
3.295959
4.454750
4.445709
3.060708
2.980625
4.142750
3.394750
3.212542
4.371250
4.426500
4.519667
4.588667
5.187375
4.125500
3.483417
3.308791
3.547875
3.713042
3.709333
3.893958
4.570584
3.556291
3.039333
4.057417
3.170750
3.413125
4.026750
3.305292
3.899250
4.429333
3.586833
3.390625
3.647166
3.813792
3.213209
2.885250
4.277916
2.957541
11.810958
21.050916
3.152375
3.999375
3.424083
5.271584
5.189584
4.188500
4.835708
5.466666
5.643208
4.315125
4.389792
4.506708
5.363208
5.216959
7.603209
16.682625
3.816709
3.979791
3.631834
4.443792
4.942250
11.744500
4.742041
4.864833
4.019167
5.983583
20.054084
6.593583
5.432209
5.168250
4.127834
4.040584
5.286542
4.075625
5.767792
5.327750
6.180583
4.563375
5.541166
5.536500
5.195541
5.506417
3.658542
4.085875
5.053625
4.435958
4.711708
4.771708
4.197291
3.612042
4.814833
4.402083
4.671459
5.134625
4.290708
4.074041
4.147791
4.164834
14.476625
2.901458
3.109750
4.590209
5.085833
4.099500
6.450167
5.629417
4.279666
4.221833
5.078584
5.281792
8.929500
5.818166
4.327709
3.748709
4.177667
20.350583
4.583292
4.481666
5.670833
5.490834
5.215958
4.580375
4.760625
4.719542
3.906875
18.873583
4.654000
2.786625
3.045708
3.849375
3.151375
2.670833
3.803167
3.201792
2.798125
3.410250
3.069375
3.472041
2.606041
3.405375
3.473583
2.688708
3.447000
11.359542
4.475416
4.674833
3.962500
4.934541
5.082708
5.056916
21.632458
4.064959
7.063083
4.278542
4.998083
21.050291
3.810375
15.732917
3.805416
4.983875
5.475166
4.874000
6.421083
4.790417
15.727833
4.359167
3.745958
4.936208
4.759792
5.051333
4.254625
5.840250
11.992833
3.515708
7.436167
4.201083
3.923667
5.639625
6.258417
4.533333
16.657750
18.099667
5.006125
6.017792
15.011125
4.475291
18.177208
3.719125
4.864250
5.223333
14.970750
4.611792
4.772875
4.339708
5.301875
4.892959
4.841334
4.762625
4.801167
5.168000
4.482625
10.031584
3.761833
4.365292
4.882584
4.247917
4.641250
3.777666
4.146458
3.820208
3.577459
3.296125
3.321000
4.144375
9.892333
3.265042
11.110166
4.926834
4.464042
7.255042
7.281208
3.615542
18.513000
4.894417
4.042541
3.689583
4.339584
4.696917
4.443125
3.118750
3.726292
3.878917
4.093667
3.876958
5.178083
4.823125
4.996791
4.960083
4.816959
5.963500
19.721458
4.428958
6.277833
5.463459
3.941834
4.368750
4.390958
4.967584
4.856541
5.406041
3.946417
4.156750
18.440708
4.019792
10.247250
5.287917
3.977875
4.921958
10.232375
5.690416
4.566917
16.769083
3.707042
5.647584
5.148917
4.174875
4.740334
4.017375
4.473208
16.684667
6.613667
16.082042
3.827625
4.377084
5.229542
4.376583
4.413167
5.278417
4.349000
5.689167
5.734208
4.144750
6.016583
9.122375
3.779500
5.193125
15.642209
3.732416
