0.003776
0.000106
0.000097
0.000445
0.000275
0.000407
0.001397
0.000225
0.000998
0.000242
0.000470
0.000379
0.000300
0.000572
0.000122
0.000466
0.000289
0.000320
0.000081
0.000315
0.000077
0.000196
0.000233
0.000269
0.000190
0.000420
0.000188
0.000410
0.000447
0.000278
0.000191
0.000175
0.000135
0.000335
0.000288
0.000312
0.000176
0.000165
0.000294
0.000293
0.000216
0.000408
0.000171
0.000205
0.000452
0.000458
0.000448
0.000343
0.000330
0.000416
0.000379
0.000229
0.000729
0.000403
0.000332
0.000270
0.000297
0.000639
0.000464
0.000309
0.000477
0.000249
0.000270
0.000442
0.000225
0.000218
0.000261
0.000243
0.000304
0.000242
0.000224
0.000315
0.000410
0.000362
0.000306
0.000229
0.000392
0.000681
0.000238
0.000390
0.000523
0.000198
0.000335
0.000395
0.000320
0.000250
0.000389
0.000334
0.000256
0.000345
0.000357
0.000341
0.000257
0.000314
0.000319
0.000281
0.000420
0.000289
0.000259
0.000395
0.000385
0.000312
0.000271
0.000346
0.000397
0.000303
0.000305
0.000317
0.000321
0.000179
0.000232
0.000346
0.000316
0.000244
0.000301
0.000285
0.001471
0.000279
0.000371
0.000287
0.000380
0.000467
0.000451
0.000372
0.000416
0.000324
0.000356
0.000249
0.000395
0.000288
0.000377
0.000155
0.000272
0.000365
0.000128
0.000390
0.000451
0.000447
0.000231
0.000384
0.000425
0.000460
0.000450
0.000475
0.000500
0.000394
0.000498
0.000339
0.000526
0.000489
0.000385
0.000614
0.000337
0.000447
0.000354
0.000430
0.000355
0.000530
0.000656
0.000336
0.000375
0.000441
0.000675
0.000771
0.000397
0.000293
0.000609
0.000854
0.000318
0.000538
0.000557
0.000338
0.000741
0.000617
0.000293
0.000696
0.000411
0.000324
0.000619
0.000665
0.000878
0.000654
0.000632
0.000296
0.000718
0.000777
0.000295
0.000761
0.000324
0.000795
0.000601
0.000369
0.000269
0.000709
0.000764
0.000294
0.000690
0.000838
0.000731
0.000877
0.000744
0.000762
0.000653
0.000428
0.000606
0.000722
0.000625
0.000301
0.000647
0.000807
0.000413
0.000389
0.000370
0.000437
0.000661
0.000486
0.000684
0.000505
0.000311
0.000432
0.000679
0.000513
0.000716
0.000560
0.000598
0.000660
0.000715
0.000307
0.000298
0.000745
0.000349
0.000325
0.000608
0.000432
0.000570
0.000786
0.000513
0.000655
0.000650
0.000642
0.000703
0.000609
0.000526
0.000633
0.000348
0.000581
0.000638
0.000684
0.000350
0.000305
0.000684
0.000383
0.000301
0.000695
0.000732
0.000578
0.000703
0.000914
0.000283
0.000613
0.000376
0.000409
0.000454
0.000145
0.000249
0.000180
0.000187
0.000320
0.000561
0.000180
0.000275
0.000322
0.000200
0.000442
0.000309
0.000198
0.000151
0.000155
0.000236
0.000155
0.000196
0.000184
0.000300
0.000350
0.000353
0.000196
0.000310
0.000285
0.000163
0.000306
0.000153
0.000177
0.000158
0.000144
0.000148
0.000209
0.000275
0.000196
0.000305
0.000300
0.000254
0.000234
0.000165
0.000209
0.000172
0.000255
0.000255
0.000289
0.000177
0.000197
0.000401
0.000198
0.000160
0.000329
0.000261
0.000164
0.000205
0.000225
0.000168
0.000251
0.000344
0.000164
0.000198
0.000271
0.000176
0.000225
0.000177
0.000295
0.000275
0.000255
0.000266
0.000202
0.000211
0.000231
0.000204
0.000183
0.000176
0.000282
0.000320
0.000248
0.000430
0.000173
0.000203
0.000261
0.000258
0.000200
0.000237
0.000148
0.000206
0.000216
0.000192
0.000286
0.000587
0.000468
0.000680
0.000297
0.000501
0.000451
0.000325
0.000823
0.000791
0.000333
0.000570
0.000625
0.000339
0.000301
0.000314
0.000639
0.000597
0.000621
0.000750
0.000681
0.000764
0.000820
0.000735
0.000300
0.000653
0.000372
0.000863
0.000672
0.000503
0.000562
0.000756
0.000614
0.000317
0.000437
0.000600
0.000777
0.000474
0.000666
0.000458
0.000669
0.000693
0.000307
0.000862
0.000692
0.000747
0.000294
0.000696
0.000538
0.000317
0.000687
0.000407
0.000647
0.000619
0.000293
0.000568
0.000687
0.000321
0.000587
0.000768
0.000716
0.001017
0.000293
0.000733
0.000712
0.000626
0.000306
0.000341
0.000676
0.000368
0.000565
0.000687
0.000657
0.000878
0.000342
0.000759
0.000777
0.000622
0.000687
0.000636
0.000719
0.000678
0.000293
0.000728
0.000532
0.000343
0.000766
0.000366
0.000295
0.000765
0.000352
0.000303
0.000576
0.000707
0.000294
0.000656
0.000337
0.000304
0.000675
0.000563
0.000320
0.000697
0.000496
0.000735
0.000733
0.000714
0.000299
0.000693
0.000462
0.000341
0.000725
0.000755
0.000345
0.000230
0.000270
0.000299
0.000288
0.000305
0.000294
0.000305
0.000684
0.000154
0.000151
0.000155
0.000152
0.000301
0.000321
0.000278
0.000164
0.000283
0.000448
0.000186
0.000401
0.000312
0.000285
0.000359
0.000323
0.000204
0.000315
0.000217
0.000297
0.000223
0.000198
0.000384
0.000261
0.000187
0.000154
0.000148
0.000233
0.000205
0.000293
0.000285
0.000206
0.000294
0.000256
0.000287
0.000209
0.000290
0.000152
0.000280
0.000175
0.000177
0.000315
0.000308
0.000192
0.000143
0.000158
0.000204
0.000270
0.000164
0.000234
0.000232
0.000221
0.000218
0.000353
0.000472
0.000196
0.000279
0.000222
0.000297
0.000293
0.000197
0.000260
0.000177
0.000281
0.000216
0.000152
0.000147
0.000180
0.000150
0.000145
0.000159
0.000192
0.000319
0.000377
0.000170
0.000141
0.000261
0.000292
0.000347
0.000292
0.000201
0.000400
0.000506
0.000162
0.000287
0.000238
0.000305
0.000213
0.000322
0.000285
0.000297
0.000255
0.000151
0.000200
0.000241
0.000269
0.000313
0.000281
0.000180
0.000324
0.000339
0.000230
0.000350
0.000261
0.000153
0.000147
0.000147
0.000153
0.000201
0.000301
0.000299
0.000158
0.000169
0.000284
0.000290
0.000272
0.000193
0.000183
0.000285
0.000150
0.000264
0.000289
0.000236
0.000306
0.000235
0.000285
0.000180
0.000156
0.000149
0.000152
0.000160
0.000286
0.000228
0.000233
0.000179
0.000270
0.000726
0.000700
0.000696
0.000719
0.000340
0.000740
0.000744
0.000793
0.000723
0.000698
0.000771
0.000871
0.000678
0.000670
0.000472
0.000570
0.000368
0.000684
0.000898
0.000307
0.000608
0.000606
0.000591
0.000661
0.000787
0.000882
0.000475
0.000638
0.000809
0.000966
0.000654
0.000714
0.000744
0.000726
0.000716
0.000609
0.000703
0.000608
0.000674
0.000289
0.000464
0.000728
0.000766
0.000723
0.000769
0.000721
0.000593
0.000705
0.000748
0.000593
0.000824
0.000399
0.000409
0.000412
0.000462
0.000527
0.000542
0.000547
0.000392
0.000294
0.000303
0.000468
0.000533
0.000760
0.001047
0.000754
0.000737
0.000786
0.000454
0.000706
0.000588
0.000381
0.000466
0.000214
0.000296
0.000413
0.000437
0.000450
0.000342
0.000374
0.000427
0.000521
0.000587
0.000784
0.000603
0.000504
0.000599
0.000453
0.000632
0.000368
0.000472
0.000635
0.000436
0.000824
0.000509
0.000901
0.001226
0.000842
0.000638
0.000833
0.000614
0.000583
0.000442
0.001336
0.000516
0.000813
0.000755
0.001037
0.000538
0.000541
0.000649
0.000815
0.001205
0.000667
0.000847
0.000740
0.000849
0.001178
0.001017
0.000848
0.000657
0.000650
0.000858
0.001144
0.001059
0.000925
0.001656
0.000980
0.001695
0.001272
0.000829
0.000750
0.000938
0.000791
0.000942
0.001472
0.001387
0.001358
0.001370
0.000940
0.001180
0.000922
0.000904
0.000946
0.000993
0.001595
0.001580
0.001607
0.001729
0.001109
0.001059
0.001685
0.001290
0.002202
0.001403
0.001259
0.002049
0.002122
0.002130
0.001333
0.002159
0.002023
0.002018
0.002076
0.002062
0.001993
0.001733
0.002068
0.002031
0.002030
0.002030
0.001963
0.002023
0.001785
0.002255
0.002065
0.001840
0.001991
0.001387
0.002034
0.001805
0.002074
0.002013
0.002072
0.001756
0.001312
0.002007
0.001842
0.001455
0.002062
0.001742
0.001781
0.002182
0.000889
0.001022
0.002067
0.001993
0.001991
0.001686
0.002103
0.002068
0.001218
0.001595
0.001218
0.001249
0.001589
0.001804
0.002059
0.002086
0.001318
0.002135
0.001262
0.001794
0.002005
0.001318
0.002039
0.002061
0.002054
0.002031
0.001283
0.001965
0.001695
0.002003
0.001813
0.002033
0.002060
0.001742
0.002061
0.002039
0.001303
0.001627
0.002294
0.002121
0.002038
0.001927
0.002081
0.001313
0.001536
0.001672
0.001422
0.001590
0.001279
0.002000
0.001895
0.001542
0.001260
0.001940
0.001328
0.001481
0.001840
0.001047
0.001238
0.002021
0.001551
0.001361
0.001325
0.001740
0.001521
0.001423
0.001707
0.001745
0.001067
0.001266
0.001907
0.001728
0.001090
0.001069
0.001258
0.001297
0.001353
0.001525
0.001916
0.001838
0.001714
0.001372
0.001129
0.001206
0.001123
0.001333
0.001373
0.001433
0.001664
0.001387
0.001290
0.001262
0.001322
0.001379
0.001278
0.001355
0.001672
0.001622
0.001481
0.001564
0.002347
0.001541
0.001492
0.001446
0.001503
0.001530
0.001864
0.001700
0.001950
0.002146
0.001890
0.001713
0.001651
0.002074
0.001670
0.001706
0.001765
0.002704
0.002363
0.002682
0.002144
0.002697
0.002336
0.002692
0.002671
0.002662
0.002394
0.002690
0.002700
0.002457
0.002658
0.002626
0.002684
0.002644
0.002666
0.002120
0.002520
0.002223
0.002800
0.002542
0.002397
0.002460
0.001779
0.002121
0.001961
0.002227
0.002186
0.001927
0.001899
0.001799
0.001760
0.001759
0.001755
0.001879
0.001951
0.002010
0.002315
0.002060
0.001873
0.002635
0.002187
0.001775
0.001761
0.002032
0.002444
0.002436
0.002668
0.002465
0.002084
0.002884
0.002705
0.002634
0.002346
0.002441
0.002724
0.002705
0.002650
0.002637
0.002432
0.002476
0.002186
0.003058
0.002422
0.002539
0.002684
0.002637
0.002387
0.002690
0.002668
0.002653
0.002702
0.002075
0.002405
0.002419
0.002728
0.002103
0.002617
0.003050
0.002687
0.002615
0.002430
0.002644
0.002709
0.002623
0.002436
0.003156
0.002444
0.002393
0.002605
0.002362
0.002696
0.002609
0.002729
0.002648
0.002491
0.002589
0.002614
0.002641
0.002979
0.002691
0.002687
0.002399
0.002657
0.002190
0.001850
0.002200
0.002122
0.002652
0.002068
0.002503
0.002684
0.002081
0.002123
0.002737
0.002030
0.002715
0.002412
0.002640
0.002722
0.002442
0.002833
0.002672
0.003077
0.002248
0.002714
0.002672
0.002072
0.002468
0.002689
0.002088
0.002498
0.002760
0.002147
0.002451
0.002518
0.002453
0.002668
0.002445
0.002648
0.002645
0.002451
0.002169
0.002650
0.002662
0.002264
0.003151
0.002371
0.002133
0.002341
0.002713
0.002120
0.002376
0.002720
0.003085
0.002265
0.002329
0.002275
0.002672
0.002437
0.002395
0.002676
0.002621
0.001994
0.002648
0.003166
0.002124
0.002979
0.002616
0.002466
0.002348
0.002700
0.002274
0.002380
0.002600
0.002497
0.002902
0.002386
0.002206
0.002697
0.002652
0.002815
0.002578
0.002618
0.001989
0.003326
0.002659
0.002673
0.002671
0.002722
0.002772
0.002419
0.002706
0.002739
0.002671
0.002375
0.002516
0.002646
0.002483
0.003022
0.002689
0.002655
0.002625
0.002702
0.002649
0.002484
0.002702
0.002674
0.002722
0.002446
0.002693
0.002562
0.002453
0.003094
0.002673
0.002647
0.002424
0.002702
0.002661
0.003103
0.002620
0.002602
0.002667
0.002460
0.002714
0.002616
0.002402
0.002329
0.003355
0.002739
0.002376
0.002693
0.002711
0.002665
0.002664
0.002442
0.002767
0.002928
0.002602
0.002587
0.002402
0.002345
0.002338
0.002632
0.002082
0.003117
0.002664
0.001965
0.002272
0.002722
0.002528
0.002451
0.002647
0.002017
0.002653
0.002423
0.001966
0.002685
0.002647
0.002667
0.002647
0.002672
0.002364
0.002746
0.002645
0.002406
0.002327
0.002691
0.002644
0.002374
0.002561
0.002628
0.002684
0.002743
0.002736
0.002738
0.002393
0.002994
0.002715
0.002746
0.002401
0.002768
0.002652
0.002493
0.002843
0.002692
0.002642
0.002360
0.002755
0.002452
0.002600
0.002210
0.002691
0.002677
0.002488
0.002744
0.002206
0.002684
0.002676
0.002713
0.002677
0.002038
0.002719
0.002664
0.002084
0.002907
0.002785
0.001976
0.002938
0.002607
0.001988
0.002658
0.003112
0.002780
0.002701
0.002497
0.001862
0.002633
0.002715
0.002497
0.002697
0.002715
0.002469
0.002839
0.002702
0.002709
0.002450
0.002665
0.002211
0.002701
0.002658
0.002755
0.002617
0.002473
0.002790
0.002671
0.002705
0.002734
0.002722
0.002718
0.002382
0.002717
0.002702
0.002658
0.002502
0.002745
0.003260
0.001977
0.001989
0.002655
0.002729
0.002765
0.002805
0.002769
0.002398
0.002757
0.002550
0.002730
0.002434
0.002747
0.002741
0.002458
0.002669
0.002601
0.001982
0.002440
0.002689
0.002819
0.002677
0.002688
0.003284
0.002668
0.001783
0.001758
0.001749
0.001807
0.001543
0.001608
0.001758
0.001662
0.001772
0.001602
0.002228
0.001708
0.001646
0.001616
0.001606
0.001777
0.001791
0.001604
0.001563
0.001654
0.001730
0.001760
0.001641
0.001662
0.001742
0.001605
0.001768
0.001608
0.001741
0.001725
0.001921
0.001710
0.001695
0.001799
0.001655
0.001777
0.001900
0.002314
0.001663
0.001728
0.001799
0.001717
0.001801
0.002312
0.002081
0.002061
0.001833
0.001774
0.001777
0.001643
0.001670
0.001777
0.001716
0.001701
0.001581
0.001852
0.001887
0.001799
0.001619
0.001741
0.001751
0.001693
0.001825
0.001506
0.001855
0.001564
0.001558
0.001658
0.001884
0.001742
0.001708
0.001606
0.001764
0.001771
0.001797
0.001738
0.001717
0.001577
0.001581
0.001671
0.001772
0.001584
0.001692
0.001558
0.001668
0.001565
0.001725
0.001834
0.001717
0.001614
0.001579
0.001689
0.001863
0.001893
0.001563
0.001686
0.001523
0.001715
0.001672
0.001725
0.001571
0.001730
0.001901
0.001860
0.001746
0.001712
0.001746
0.001806
0.001720
0.001667
0.001617
0.001714
0.002311
0.001784
0.001737
0.001698
0.001883
0.001654
0.001716
0.001613
0.001711
0.001533
0.001919
0.001531
0.001593
0.001747
0.001649
0.001670
0.001614
0.001788
0.001723
0.001700
0.001689
0.001506
0.001743
0.001646
0.001559
0.001515
0.001545
0.001690
0.001799
0.001575
0.001792
0.001845
0.002682
0.002655
0.002636
0.002535
0.002121
0.002632
0.002678
0.002647
0.002298
0.002711
0.002643
0.002461
0.002559
0.002432
0.002406
0.002695
0.002701
0.002540
0.002601
0.002525
0.002601
0.002749
0.002351
0.002710
0.002595
0.002410
0.002678
0.001932
0.001660
0.001571
0.001823
0.002028
0.001723
0.001726
0.001804
0.001648
0.001778
0.001593
0.001796
0.001723
0.001724
0.001685
0.001670
0.001750
0.001739
0.001678
0.001758
0.001973
0.001738
0.001612
0.001765
0.001690
0.001768
0.001610
0.001702
0.001677
0.001698
0.001879
0.001771
0.001815
0.001765
0.001547
0.001854
0.001543
0.002308
0.001636
0.001695
0.001671
0.001706
0.001627
0.001584
0.001619
0.001835
0.001555
0.001528
0.002147
0.001737
0.001719
0.001639
0.001718
0.001646
0.001592
0.001685
0.001617
0.001770
0.001651
0.001729
0.001755
0.001921
0.001725
0.001720
0.001586
0.001811
0.001752
0.001680
0.001858
0.001927
0.001694
0.001763
0.001687
0.001568
0.001905
0.001873
0.001697
0.001707
0.001590
0.001523
0.001751
0.001578
0.001797
0.001834
0.001704
0.001680
0.001657
0.001600
0.002894
0.001733
0.001618
0.001536
0.001689
0.001747
0.001778
0.001561
0.001608
0.001528
0.002001
0.001611
0.001535
0.001758
0.001544
0.001575
0.001702
0.002385
0.001738
0.001785
0.001575
0.001723
0.001901
0.001899
0.002189
0.001668
0.001806
0.001756
0.001705
0.001655
0.002585
0.002366
0.002716
0.002691
0.002757
0.002000
0.002486
0.003058
0.002978
0.002697
0.002682
0.002688
0.002659
0.002340
0.002601
0.002694
0.002684
0.002425
0.002530
0.002618
0.002398
0.002652
0.002707
0.002725
0.002482
0.002685
0.002725
0.002643
0.002817
0.001965
0.002071
0.002109
0.002737
0.002598
0.002045
0.002449
0.002671
0.002288
0.002474
0.002579
0.002836
0.002695
0.002488
0.002166
0.002657
0.002447
0.002940
0.002626
0.003125
0.002154
0.002773
0.002660
0.002101
0.002638
0.002616
0.002446
0.002469
0.002734
0.002272
0.002449
0.002698
0.002145
0.002674
0.002431
0.002396
0.002568
0.002660
0.002177
0.003058
0.002733
0.002138
0.002702
0.002392
0.002106
0.002482
0.002710
0.002106
0.002419
0.002735
0.002302
0.002656
0.002637
0.002130
0.002672
0.002431
0.002079
0.002687
0.002770
0.002136
0.002725
0.002692
0.002085
0.002769
0.002683
0.002064
0.002425
0.002849
0.002612
0.002428
0.002305
0.002481
0.002402
0.002417
0.002829
0.002669
0.002612
0.002657
0.002625
0.002733
0.003039
0.002712
0.003057
0.001806
0.001767
0.001713
0.001614
0.001683
0.001622
0.001833
0.001632
0.001685
0.001774
0.001805
0.001582
0.001707
0.001866
0.001911
0.002116
0.002270
0.001570
0.001658
0.001716
0.001794
0.001684
0.001859
0.001742
0.001746
0.001823
0.001662
0.001719
0.001579
0.001736
0.001664
0.001874
0.001794
0.001672
0.001772
0.001864
0.001860
0.001802
0.001714
0.001694
0.001505
0.001745
0.002390
0.001689
0.001789
0.001706
0.001589
0.001715
0.001795
0.002077
0.001774
0.001735
0.001766
0.001692
0.001625
0.001611
0.001702
0.001866
0.001638
0.001762
0.001766
0.001840
0.001586
0.001803
0.001611
0.001689
0.001708
0.001773
0.001785
0.001727
0.001555
0.001847
0.001811
0.001683
0.001716
0.001600
0.001683
0.001677
0.001703
0.001694
0.001696
0.001816
0.001820
0.001573
0.001810
0.001727
0.001703
0.001726
0.001621
0.001679
0.001733
0.001687
0.001705
0.001848
0.001814
0.001737
0.001733
0.001877
0.001561
0.001797
0.001865
0.001712
0.001872
0.002002
0.001700
0.001642
0.002195
0.001666
0.001666
0.001622
0.001550
0.001722
0.001543
0.001730
0.001712
0.001701
0.002345
0.001817
0.001691
0.001622
0.001779
0.002179
0.002027
0.001750
0.002015
0.002226
0.002084
0.002352
0.001795
0.001638
0.001583
0.001702
0.001795
0.001877
0.001819
0.001696
0.001544
0.001848
0.001694
0.001599
0.001613
0.002087
0.001889
0.001771
0.001656
0.001772
0.001653
0.001743
0.001841
0.001905
0.001834
0.001848
0.001641
0.001561
0.001744
0.001629
0.001905
0.001742
0.001752
0.001596
0.001785
0.001853
0.001758
0.001837
0.001704
0.001763
0.001722
0.001899
0.001785
0.001926
0.001569
0.002291
0.001750
0.001603
0.001852
0.001840
0.001843
0.001605
0.001726
0.002293
0.001898
0.001748
0.001794
0.002324
0.001818
0.001765
0.001747
0.001599
0.001709
0.001762
0.001509
0.001818
0.001850
0.001738
0.001770
0.001762
0.001840
0.001765
0.001546
0.001729
0.001967
0.001724
0.001699
0.001777
0.001560
0.001786
0.002028
0.001714
0.001860
0.001766
0.001765
0.001864
0.001678
0.001787
0.001780
0.001842
0.002638
0.002311
0.002695
0.002617
0.002664
0.002324
0.002808
0.002609
0.002434
0.002562
0.002665
0.002642
0.002430
0.002458
0.002689
0.002388
0.002691
0.002030
0.002737
0.002340
0.003077
0.002643
0.002676
0.002687
0.002729
0.003260
0.002043
0.002710
0.002692
0.002479
0.002706
0.002680
0.002700
0.002334
0.002674
0.003149
0.002621
0.002172
0.002698
0.002650
0.002468
0.002731
0.002691
0.002522
0.002666
0.002689
0.002644
0.002428
0.002547
0.002623
0.002651
0.002373
0.002690
0.002255
0.002447
0.002621
0.002692
0.002654
0.002326
0.002710
0.002660
0.002400
0.002003
0.002691
0.002700
0.001997
0.003031
0.002836
0.002709
0.002670
0.002743
0.002681
0.002244
0.002756
0.002655
0.002551
0.003140
0.002010
0.002721
0.002530
0.002349
0.002701
0.002500
0.002055
0.002774
0.002759
0.002095
0.002920
0.002785
0.002618
0.002436
0.002624
0.002774
0.002295
0.002888
0.002542
0.002624
0.002394
0.002749
0.002661
0.003242
0.002667
0.002775
0.002758
0.002949
0.002809
0.002763
0.002735
0.002721
0.002393
0.002947
0.002416
0.002573
0.002876
0.002720
0.002322
0.002696
0.003099
0.002506
0.002668
0.002543
0.002821
0.002953
0.002511
0.001830
0.001816
0.001645
0.001522
0.001783
0.001592
0.001678
0.001808
0.001555
0.001849
0.001681
0.001733
0.001706
0.001666
0.001757
0.001732
0.001546
0.001726
0.001697
0.001764
0.001763
0.001664
0.001798
0.001695
0.002090
0.001764
0.001783
0.001769
0.001869
0.001731
0.001608
0.001765
0.001763
0.001848
0.001647
0.001816
0.001866
0.001800
0.001775
0.001712
0.001839
0.001758
0.001788
0.001868
0.001758
0.001559
0.001595
0.002022
0.001804
0.001714
0.001829
0.001795
0.001800
0.001724
0.001734
0.001750
0.001757
0.001699
0.001627
0.001747
0.001794
0.002367
0.001867
0.001568
0.001707
0.001690
0.001563
0.002041
0.001614
0.001551
0.001521
0.001595
0.001671
0.001613
0.001740
0.001741
0.001724
0.001646
0.001762
0.001711
0.001699
0.001820
0.001831
0.001613
0.001764
0.002081
0.001829
0.002895
0.003146
0.002160
0.002675
0.002636
0.002320
0.002929
0.002732
0.002503
0.002313
0.002249
0.002654
0.002704
0.003002
0.002496
0.002442
0.002776
0.002555
0.002014
0.002746
0.002629
0.002250
0.002673
0.002669
0.001957
0.002677
0.002639
0.002458
0.002583
0.002662
0.002630
0.002669
0.002176
0.002604
0.002632
0.002668
0.002635
0.002642
0.002413
0.002254
0.002634
0.002690
0.002173
0.002690
0.002109
0.002452
0.002857
0.002397
0.002574
0.002720
0.002080
0.002699
0.002387
0.002529
0.002430
0.002687
0.002302
0.002726
0.002358
0.002430
0.002391
0.002718
0.002241
0.002327
0.002727
0.002670
0.002361
0.002651
0.002081
0.002642
0.002393
0.002058
0.002623
0.002671
0.002137
0.002685
0.002719
0.002301
0.002762
0.002710
0.002504
0.002668
0.002607
0.002678
0.002752
0.002227
0.002801
0.002052
0.002474
0.002415
0.002131
0.002434
0.002342
0.002017
0.002668
0.002153
0.001957
0.001988
0.002181
0.002129
0.002651
0.002157
0.002042
0.002696
0.002191
0.001991
0.002599
0.002309
0.002137
0.002446
0.002334
0.002074
0.002619
0.002393
0.002350
0.002419
0.002422
0.002028
0.002360
0.002068
0.002007
0.002640
0.002194
0.002370
0.002637
0.002149
0.002007
0.002262
0.002963
0.002001
0.002385
0.002669
0.002249
0.003096
0.002031
0.001972
0.002666
0.002036
0.001994
0.002695
0.002234
0.002037
0.003221
0.003630
0.001930
0.002467
0.002020
0.002360
0.002652
0.002127
0.002615
0.002703
0.002720
0.002190
0.002731
0.002468
0.002738
0.002734
0.002692
0.002412
0.002626
0.002664
0.002452
0.002611
0.002684
0.002672
0.002366
0.002765
0.002644
0.002481
0.002156
0.001977
0.002632
0.002212
0.002081
0.002635
0.002291
0.002074
0.002267
0.002334
0.002470
0.002695
0.002595
0.002692
0.002614
0.002602
0.002676
0.002442
0.002668
0.002698
0.002528
0.002253
0.002658
0.002681
0.002086
0.002247
0.002602
0.002639
0.002502
0.002689
0.002645
0.002364
0.002843
0.002674
0.002618
0.002385
0.003129
0.002625
0.002451
0.002623
0.002623
0.002700
0.002392
0.002773
0.003060
0.002423
0.002360
0.002669
0.002102
0.002069
0.002957
0.002181
0.003081
0.002654
0.002609
0.002034
0.002357
0.002781
0.002682
0.002681
0.002516
0.002718
0.002662
0.002448
0.002899
0.002659
0.002657
0.002677
0.002318
0.003054
0.002368
0.002654
0.002662
0.002710
0.002639
0.002520
0.002634
0.002423
0.002619
0.003117
0.002646
0.002464
0.002608
0.002724
0.002338
0.002605
0.002668
0.002690
0.002047
0.002782
0.002483
0.002755
0.002465
0.002698
0.002060
0.002360
0.002769
0.002697
0.002659
0.002260
0.002092
0.002703
0.002193
0.002722
0.002639
0.002658
0.002670
0.002708
0.002652
0.002991
0.002334
0.003232
0.002648
0.002474
0.002713
0.001961
0.002396
0.002653
0.001872
0.002664
0.002393
0.002698
0.002656
0.002364
0.002760
0.002766
0.002415
0.002379
0.002175
0.002744
0.002005
0.002714
0.002659
0.002680
0.002491
0.002720
0.002683
0.002669
0.002439
0.002713
0.002630
0.002505
0.002123
0.002666
0.002669
0.002242
0.002710
0.002617
0.002199
0.002940
0.002260
0.001888
0.002337
0.002738
0.002657
0.002427
0.002481
0.002762
0.002124
0.002435
0.002669
0.002656
0.002425
0.002540
0.002202
0.002087
0.002355
0.002751
0.002285
0.002721
0.002667
0.002545
0.002625
0.002430
0.002509
0.002080
0.002661
0.002440
0.002180
0.002689
0.002370
0.003068
0.002668
0.002690
0.002302
0.002926
0.001847
0.002430
0.001985
0.002683
0.002196
0.002391
0.002127
0.002671
0.002417
0.002388
0.002639
0.002692
0.002085
0.002647
0.002654
0.002693
0.002612
0.002679
0.002643
0.002361
0.002641
0.002687
0.002448
0.002645
0.002647
0.002600
0.002429
0.002787
0.002681
0.002006
0.001685
0.001758
0.001719
0.001602
0.001546
0.001597
0.001717
0.001722
0.001567
0.001833
0.001780
0.001739
0.001574
0.001536
0.001715
0.001572
0.001727
0.001631
0.001742
0.001762
0.001889
0.001696
0.002359
0.001632
0.001841
0.001847
0.001631
0.001742
0.001837
0.001806
0.001583
0.001772
0.001714
0.001555
0.001594
0.001643
0.001828
0.001713
0.001677
0.001667
0.001606
0.001638
0.001769
0.001823
0.001810
0.001733
0.001636
0.002274
0.001694
0.001782
0.001675
0.001727
0.001831
0.001660
0.001700
0.001556
0.001765
0.001577
0.001815
0.001618
0.001796
0.001659
0.001651
0.001748
0.001684
0.001739
0.001737
0.001668
0.001606
0.001763
0.001731
0.001653
0.001610
0.001675
0.001817
0.001704
0.001600
0.001612
0.001704
0.001660
0.001819
0.001895
0.001745
0.001628
0.001792
0.001788
0.001711
0.001791
0.001590
0.001686
0.001752
0.001767
0.001861
0.001586
0.001530
0.001877
0.001811
0.001551
0.001842
0.001551
0.001719
0.001593
0.001703
0.001594
0.001750
0.001705
0.001686
0.001655
0.001611
0.001668
0.001617
0.001607
0.001628
0.001759
0.001826
0.001566
0.001706
0.001531
0.001730
0.001717
0.001668
0.001707
0.001635
0.001910
0.001635
0.001555
0.001735
0.001713
0.001807
0.001761
0.001579
0.001672
0.001698
0.001597
0.001767
0.001705
0.001792
0.001738
0.001666
0.001591
0.001640
0.001788
0.001567
0.001751
0.001684
0.001762
0.001791
0.001852
0.001825
0.001578
0.001779
0.001599
0.001635
0.001575
0.001726
0.001738
0.001707
0.001843
0.002303
0.002723
0.002580
0.001773
0.002674
0.002705
0.002399
0.002444
0.002688
0.002628
0.002643
0.002630
0.002620
0.002594
0.002447
0.002754
0.002669
0.002392
0.002295
0.002706
0.002643
0.002408
0.002646
0.003192
0.002629
0.002684
0.002357
0.002662
0.002417
0.002117
0.002408
0.002670
0.002027
0.002765
0.002644
0.002433
0.002587
0.002661
0.002218
0.002584
0.002733
0.002763
0.002749
0.003120
0.002684
0.003107
0.002370
0.002722
0.002724
0.001964
0.001974
0.002697
0.002709
0.002675
0.002723
0.002726
0.002315
0.002684
0.002665
0.002714
0.002435
0.002614
0.002129
0.002680
0.002338
0.002708
0.002643
0.002480
0.002543
0.002685
0.002668
0.002275
0.002470
0.002699
0.002230
0.002926
0.002948
0.002830
0.001952
0.002749
0.002323
0.002362
0.003292
0.002063
0.002616
0.003175
0.002717
0.002687
0.002632
0.002697
0.002594
0.002690
0.002348
0.002728
0.002884
0.002746
0.002650
0.002754
0.002375
0.002369
0.002631
0.003127
0.002895
0.002367
0.002754
0.002717
0.002506
0.002624
0.002637
0.001998
0.002461
0.002028
0.002638
0.002534
0.002648
0.002713
0.002713
0.001964
0.002675
0.002700
0.002551
0.002694
0.001740
0.001716
0.001720
0.001731
0.001832
0.001664
0.001756
0.001723
0.001662
0.001610
0.001771
0.001769
0.001692
0.001773
0.001759
0.001767
0.001699
0.001539
0.001707
0.001534
0.001565
0.002256
0.001820
0.001717
0.001767
0.001686
0.001671
0.001788
0.001816
0.001596
0.001610
0.001729
0.001698
0.001847
0.001849
0.001903
0.001697
0.001630
0.001826
0.001820
0.001662
0.001744
0.001727
0.001549
0.001925
0.001808
0.001790
0.001743
0.001800
0.001539
0.001915
0.001616
0.001859
0.001563
0.001719
0.002220
0.001698
0.001659
0.001668
0.001642
0.001725
0.001533
0.001838
0.001663
0.001637
0.001794
0.001843
0.001801
0.001703
0.001637
0.001587
0.001826
0.001800
0.001931
0.001607
0.002287
0.001692
0.001793
0.001780
0.001664
0.001725
0.001772
0.001824
0.001657
0.001748
0.001777
0.001640
0.001706
0.001889
0.001864
0.001593
0.001713
0.001575
0.001537
0.001776
0.001599
0.001546
0.001701
0.001579
0.001841
0.002655
0.002690
0.003208
0.002142
0.002594
0.002647
0.002636
0.002634
0.002485
0.002909
0.002260
0.002775
0.002650
0.002162
0.002733
0.002421
0.002781
0.002726
0.003063
0.002705
0.002718
0.002686
0.002467
0.003028
0.002556
0.002674
0.002676
0.002692
0.002643
0.002423
0.002806
0.002672
0.002626
0.002392
0.002692
0.002688
0.002428
0.002598
0.002661
0.002632
0.002444
0.003415
0.002662
0.002084
0.002605
0.002672
0.002274
0.002456
0.002746
0.002366
0.002300
0.002703
0.002613
0.002674
0.002415
0.002848
0.002728
0.002763
0.002759
0.002684
0.002687
0.002516
0.002037
0.002019
0.002517
0.002639
0.002702
0.002476
0.002461
0.002546
0.002640
0.002687
0.002422
0.002906
0.002634
0.002472
0.002587
0.002674
0.002312
0.002408
0.002670
0.002580
0.002296
0.002184
0.002680
0.002652
0.002444
0.002766
0.003120
0.003062
0.002388
0.002685
0.002658
0.002530
0.002644
0.002719
0.002680
0.002399
0.002638
0.002696
0.002481
0.002626
0.002006
0.002597
0.002407
0.002764
0.002550
0.002468
0.002660
0.003085
0.002705
0.002524
0.002018
0.002709
0.002464
0.002704
0.002619
0.002701
0.002423
0.002677
0.002611
0.002608
0.002652
0.002222
0.002655
0.002090
0.002720
0.002641
0.002657
0.002309
0.002623
0.002690
0.002438
0.002611
0.002409
0.002711
0.002317
0.002747
0.002648
0.002553
0.002588
0.002664
0.002688
0.002443
0.002710
0.002740
0.002277
0.002307
0.002637
0.002548
0.002430
0.002636
0.002659
0.002482
0.002711
0.002680
0.002727
0.002489
0.002752
0.002660
0.002669
0.002690
0.002804
0.002522
0.002446
0.002712
0.002208
0.002699
0.002485
0.002675
0.002616
0.002438
0.002774
0.002626
0.001953
0.002077
0.002706
0.002652
0.002473
0.002777
0.002636
0.002652
0.002414
0.002395
0.002680
0.002470
0.002584
0.002688
0.002633
0.002093
0.002636
0.002700
0.002606
0.002738
0.002536
0.002637
0.002378
0.002753
0.002760
0.002631
0.002652
0.002646
0.002982
0.002118
0.002393
0.002118
0.002682
0.002275
0.002671
0.002671
0.002423
0.002752
0.002679
0.002714
0.002631
0.002687
0.002646
0.002371
0.002568
0.002694
0.002092
0.002415
0.003066
0.002645
0.002915
0.002700
0.002693
0.002709
0.002404
0.002733
0.002387
0.002695
0.002709
0.002728
0.002716
0.002476
0.002702
0.002688
0.002699
0.002372
0.002657
0.002674
0.002463
0.002390
0.002693
0.002498
0.002676
0.002627
0.002697
0.002527
0.002607
0.002667
0.002648
0.002748
0.002689
0.002711
0.002583
0.003028
0.002640
0.002456
0.002183
0.002744
0.002632
0.002460
0.002579
0.002172
0.002133
0.002423
0.002301
0.002620
0.002681
0.002610
0.002648
0.002413
0.002386
0.002697
0.002676
0.002696
0.002858
0.002612
0.002662
0.002337
0.002626
0.002172
0.003111
0.002655
0.002421
0.002286
0.002664
0.002352
0.002700
0.002657
0.002067
0.002726
0.002703
0.002268
0.002610
0.002663
0.002674
0.002458
0.002658
0.002670
0.002641
0.002027
0.002417
0.002763
0.002886
0.002663
0.002451
0.003137
0.002641
0.002638
0.002381
0.002447
0.002881
0.002692
0.002632
0.002326
0.002686
0.002712
0.002429
0.002636
0.002392
0.002289
0.002716
0.002721
0.003140
0.002628
0.002621
0.002687
0.002965
0.002452
0.002668
0.002690
0.002330
0.002611
0.002657
0.002024
0.001998
0.002700
0.003120
0.002698
0.002673
0.002593
0.002684
0.002434
0.003163
0.002697
0.002678
0.002725
0.002703
0.002661
0.002387
0.002720
0.002642
0.002673
0.002682
0.002683
0.002626
0.002493
0.002629
0.002686
0.002655
0.002813
0.002669
0.002776
0.002383
0.003020
0.002715
0.002718
0.002517
0.002742
0.002697
0.002912
0.002029
0.002705
0.002677
0.002453
0.002696
0.002029
0.002700
0.002483
0.002655
0.003141
0.002465
0.002004
0.002645
0.002536
0.002713
0.002743
0.002750
0.002712
0.002678
0.002758
0.002757
0.002267
0.002562
0.002722
0.002482
0.002601
0.001992
0.002719
0.002506
0.002403
0.002360
0.002464
0.002630
0.002681
0.002685
0.002468
0.002730
0.002684
0.002483
0.002637
0.002637
0.002811
0.002461
0.002701
0.002641
0.002640
0.002642
0.002694
0.002639
0.002435
0.003101
0.002711
0.002619
0.002385
0.002666
0.002714
0.002437
0.002657
0.002652
0.002675
0.002329
0.002723
0.002658
0.002875
0.002843
0.002726
0.002658
0.002332
0.002621
0.002689
0.002353
0.002495
0.002662
0.002716
0.002331
0.002680
0.002629
0.002688
0.002679
0.002675
0.002630
0.002716
0.003179
0.001954
0.002182
0.002228
0.002168
0.002685
0.002443
0.002434
0.002677
0.002672
0.002334
0.002680
0.002658
0.002418
0.002636
0.002653
0.002147
0.002465
0.002672
0.002709
0.002449
0.002645
0.002677
0.002682
0.002452
0.003012
0.002627
0.002439
0.002539
0.002699
0.002659
0.002390
0.002717
0.002721
0.002714
0.003103
0.002683
0.002660
0.002415
0.002708
0.002665
0.002656
0.002648
0.002712
0.002641
0.002457
0.002601
0.002677
0.002690
0.002099
0.002667
0.002649
0.002441
0.002621
0.002665
0.002606
0.002619
0.002672
0.002615
0.002075
0.002614
0.002107
0.002618
0.002355
0.002647
0.002113
0.002093
0.002133
0.002588
0.002690
0.002111
0.002739
0.002819
0.002010
0.002721
0.002872
0.002158
0.002462
0.002714
0.002112
0.002633
0.002708
0.002167
0.002465
0.002510
0.002376
0.002710
0.002747
0.002006
0.002784
0.002877
0.002039
0.002630
0.002725
0.002290
0.002694
0.002889
0.002181
0.002494
0.002617
0.002367
0.002675
0.002523
0.002266
0.002704
0.002606
0.001984
0.002620
0.002722
0.002057
0.002655
0.002716
0.002474
0.002695
0.002736
0.002194
0.002331
0.003366
0.002485
0.002752
0.002791
0.002368
0.002709
0.002594
0.002613
0.002692
0.002668
0.002653
0.002690
0.002235
0.002440
0.002419
0.002663
0.002671
0.002401
0.002745
0.002318
0.002456
0.002632
0.002687
0.002637
0.002718
0.002640
0.002646
0.002470
0.003081
0.002741
0.002708
0.002440
0.003106
0.002635
0.002601
0.002653
0.002689
0.002658
0.002451
0.002691
0.002697
0.002636
0.002340
0.002648
0.002675
0.002609
0.002645
0.002672
0.002688
0.002376
0.002718
0.002661
0.002433
0.002568
0.003186
0.002664
0.002371
0.002692
0.002632
0.002374
0.002619
0.002674
0.002701
0.002430
0.002691
0.002640
0.002703
0.002602
0.002646
0.002618
0.002017
0.002727
0.003269
0.002670
0.002964
0.002711
0.002709
0.002472
0.003185
0.002086
0.002694
0.002852
0.002623
0.002674
0.002429
0.002905
0.002678
0.003101
0.002364
0.002923
0.002675
0.002471
0.002739
0.002642
0.002743
0.002455
0.002706
0.002645
0.002344
0.003111
0.002683
0.002660
0.002381
0.002678
0.002713
0.002675
0.002615
0.002716
0.002692
0.002428
0.002778
0.002811
0.002794
0.002610
0.002672
0.002588
0.002382
0.002684
0.002676
0.002664
0.002417
0.002066
0.002708
0.002395
0.002619
0.002271
0.002876
0.002648
0.002681
0.002647
0.002521
0.002561
0.002698
0.002129
0.002389
0.002684
0.002708
0.002465
0.002635
0.002079
0.002555
0.002864
0.002533
0.002865
0.002183
0.002638
0.002693
0.002670
0.002456
0.003019
0.002644
0.002634
0.002358
0.002620
0.002647
0.002415
0.002612
0.002594
0.003104
0.002621
0.002742
0.002633
0.002918
0.002549
0.002751
0.002676
0.002421
0.002685
0.002678
0.002512
0.002170
0.002610
0.002146
0.002355
0.002872
0.001928
0.002704
0.002613
0.002658
0.002627
0.002321
0.002679
0.002694
0.002676
0.002660
0.002631
0.002647
0.002367
0.002098
0.002537
0.002070
0.002336
0.002764
0.002756
0.002382
0.002632
0.002693
0.002663
0.003124
0.002120
0.002675
0.002444
0.002330
0.002146
0.002540
0.002370
0.002728
0.002685
0.002408
0.002856
0.002665
0.002679
0.002477
0.002576
0.002656
0.002383
0.002318
0.002655
0.002693
0.002403
0.002720
0.002715
0.002660
0.002664
0.002648
0.002774
0.002637
0.002613
0.002589
0.002677
0.002651
0.002633
0.002337
0.002429
0.002187
0.002768
0.002669
0.002665
0.002737
0.002663
0.002951
0.002587
0.002679
0.002838
0.002056
0.002862
0.003096
0.002388
0.002589
0.002633
0.002605
0.002442
0.003364
0.002625
0.002093
0.002673
0.002708
0.002689
0.002604
0.002806
0.003108
0.002657
0.002549
0.002640
0.002705
0.002432
0.002579
0.002617
0.002674
0.002775
0.002772
0.002701
0.002214
0.002535
0.002599
0.002628
0.003281
0.003125
0.002694
0.002426
0.002685
0.002630
0.002688
0.002432
0.002752
0.002729
0.002412
0.002666
0.002540
0.002656
0.002446
0.002418
0.002706
0.002611
0.002694
0.002139
0.002683
0.002421
0.002944
0.002711
0.002756
0.002100
0.002687
0.002624
0.002422
0.003098
0.002287
0.002638
0.002416
0.002297
0.002061
0.002394
0.002519
0.002346
0.002403
0.002749
0.002247
0.002631
0.002422
0.002390
0.002662
0.002636
0.002661
0.002672
0.002704
0.002940
0.002633
0.002626
0.002687
0.002764
0.002750
0.002740
0.002704
0.002575
0.002045
0.002650
0.002408
0.002808
0.002658
0.002076
0.002333
0.003115
0.002661
0.002325
0.002686
0.002875
0.002654
0.002683
0.002677
0.002657
0.002197
0.002550
0.002697
0.002724
0.002331
0.002362
0.002665
0.002378
0.003238
0.003109
0.002682
0.002456
0.002754
0.002698
0.002485
0.002633
0.002438
0.002176
0.002416
0.002487
0.002620
0.002730
0.002700
0.002973
0.002196
0.001692
0.001708
0.001675
0.001747
0.001789
0.001771
0.001716
0.001609
0.001615
0.001556
0.001684
0.001829
0.001592
0.001772
0.001784
0.001720
0.001911
0.001815
0.001616
0.001621
0.001670
0.001978
0.001646
0.001770
0.001719
0.001650
0.001790
0.001721
0.001737
0.001615
0.001593
0.001663
0.001784
0.001990
0.001694
0.001792
0.001687
0.001708
0.001678
0.001578
0.001541
0.002563
0.002091
0.001650
0.002393
0.001906
0.001526
0.002355
0.001766
0.001705
0.002032
0.001653
0.001631
0.001769
0.001708
0.001628
0.001741
0.001681
0.001709
0.001532
0.001707
0.001617
0.001716
0.001571
0.001735
0.001785
0.002001
0.001642
0.001779
0.001719
0.002496
0.001550
0.001749
0.001629
0.001548
0.002087
0.001601
0.001716
0.001773
0.001675
0.001543
0.001718
0.001577
0.001915
0.001769
0.001794
0.002765
0.002514
0.002633
0.002735
0.002702
0.002173
0.002776
0.002766
0.002244
0.002761
0.002591
0.002804
0.002033
0.002769
0.002816
0.002742
0.002700
0.002761
0.001954
0.002509
0.002717
0.002104
0.002690
0.002711
0.002035
0.002032
0.002936
0.002336
0.002649
0.002653
0.002730
0.002744
0.002350
0.002431
0.002561
0.002660
0.002315
0.002476
0.002106
0.002691
0.002357
0.002661
0.002636
0.002518
0.002412
0.002726
0.002651
0.002497
0.002635
0.002691
0.002689
0.002090
0.002629
0.002662
0.002665
0.002788
0.002672
0.002689
0.002456
0.002983
0.002206
0.002722
0.002461
0.002149
0.001722
0.001610
0.001713
0.001735
0.001570
0.001536
0.001883
0.001923
0.001647
0.001619
0.001664
0.001771
0.001743
0.001727
0.002031
0.001868
0.001813
0.001718
0.001731
0.001669
0.002269
0.001575
0.001695
0.002190
0.001957
0.001581
0.002069
0.001760
0.001671
0.001884
0.001642
0.001827
0.001779
0.001959
0.001721
0.001982
0.001917
0.001770
0.002137
0.001913
0.001920
0.001675
0.001784
0.001644
0.002294
0.001629
0.001566
0.002001
0.001702
0.001638
0.001908
0.001922
0.001690
0.002013
0.001736
0.001631
0.001767
0.001508
0.001794
0.001625
0.001694
0.001723
0.001548
0.001877
0.001732
0.001840
0.001635
0.001659
0.001798
0.001745
0.001785
0.001641
0.001732
0.001727
0.001635
0.001678
0.001668
0.001735
0.001935
0.001691
0.001657
0.001794
0.001847
0.001698
0.001897
0.002368
0.002647
0.002758
0.002409
0.002665
0.002613
0.002691
0.002099
0.002746
0.002400
0.002697
0.002690
0.003119
0.002096
0.002458
0.003092
0.001858
0.001643
0.001850
0.001852
0.001769
0.001830
0.002298
0.001746
0.001804
0.001723
0.001569
0.001688
0.001653
0.001623
0.001653
0.001826
0.001680
0.001692
0.001587
0.001731
0.001684
0.001659
0.002168
0.001666
0.001651
0.001744
0.001763
0.001652
0.001618
0.001901
0.001703
0.001569
0.001857
0.001736
0.001606
0.001659
0.002304
0.001775
0.001985
0.001841
0.001689
0.001623
0.001671
0.001792
0.001610
0.001730
0.001926
0.001558
0.001723
0.001730
0.001652
0.001603
0.001916
0.001758
0.001691
0.001669
0.001557
0.001609
0.001728
0.002171
0.001640
0.001872
0.001818
0.001625
0.001770
0.001746
0.001760
0.001731
0.001691
0.001924
0.001700
0.001681
0.001609
0.001708
0.001757
0.001721
0.001710
0.001824
0.001559
0.001678
0.001658
0.001627
0.001812
0.001577
0.001671
0.001581
0.001576
0.001947
0.002634
0.002191
0.002283
0.002584
0.002376
0.002246
0.002406
0.002262
0.002459
0.001597
0.002215
0.002934
0.002472
0.002279
0.001873
0.001724
0.001768
0.001806
0.001991
0.002325
0.002081
0.002288
0.002249
0.002674
0.002406
0.001779
0.001894
0.001798
0.002039
0.002514
0.001947
0.002427
0.002257
0.002316
0.002090
0.001877
0.001928
0.001739
0.001916
0.001991
0.002073
0.001878
0.002662
0.002948
0.002930
0.001827
0.001891
0.001853
0.001919
0.002304
0.002594
0.002146
0.002232
0.002275
0.002444
0.002283
0.002584
0.001843
0.001783
0.001760
0.001795
0.002146
0.002077
0.002073
0.002341
0.002004
0.002098
0.001942
0.002009
0.002172
0.001967
0.002159
0.002147
0.002337
0.002644
0.002556
0.002356
0.002098
0.002367
0.002185
0.002078
0.002365
0.002486
0.002685
0.002508
0.002761
0.002716
0.002234
0.002480
0.002161
0.002247
0.002091
0.002406
0.002780
0.002752
0.003081
0.003095
0.002442
0.002671
0.003141
0.003036
0.002748
0.002986
0.003038
0.003021
0.002657
0.002742
0.002981
0.002775
0.003392
0.003082
0.002962
0.002700
0.003362
0.003032
0.002504
0.002419
0.002983
0.002414
0.002725
0.003054
0.002746
0.003051
0.002973
0.003035
0.003437
0.002787
0.003696
0.002385
0.002900
0.003019
0.003013
0.003020
0.002421
0.003121
0.003014
0.002699
0.002635
0.003086
0.003013
0.002832
0.002647
0.003049
0.002719
0.003067
0.003037
0.003064
0.002744
0.002999
0.003005
0.003001
0.002746
0.003693
0.003025
0.002762
0.002940
0.002996
0.002765
0.002728
0.003065
0.002948
0.002967
0.003055
0.002992
0.003029
0.002688
0.003185
0.002843
0.002445
0.002951
0.002773
0.002956
0.002675
0.003048
0.003021
0.002578
0.002712
0.002984
0.003158
0.002758
0.003040
0.003035
0.002726
0.002989
0.003280
0.002467
0.002763
0.002408
0.002989
0.003007
0.002477
0.003002
0.003043
0.002801
0.003116
0.002989
0.002362
0.002636
0.003115
0.003030
0.003038
0.002504
0.003065
0.002524
0.002715
0.002448
0.003012
0.002972
0.002586
0.003065
0.002933
0.002666
0.002997
0.002861
0.002853
0.002768
0.002300
0.002161
0.002336
0.002124
0.003034
0.002383
0.002302
0.002316
0.002737
0.002634
0.002521
0.002351
0.002216
0.002100
0.002192
0.002144
0.002250
0.002321
0.002643
0.002550
0.002534
0.002247
0.002139
0.002114
0.002089
0.002132
0.002460
0.002340
0.002423
0.002547
0.002514
0.002247
0.002169
0.002453
0.002197
0.002126
0.002446
0.002417
0.002308
0.003016
0.003236
0.002945
0.002939
0.002984
0.003069
0.002430
0.003069
0.002799
0.002825
0.003182
0.003068
0.002969
0.002540
0.003060
0.002896
0.002932
0.002861
0.002934
0.002414
0.002860
0.002984
0.003021
0.002417
0.002189
0.002151
0.002119
0.002309
0.002336
0.002722
0.002602
0.002541
0.002916
0.002374
0.002320
0.002206
0.002255
0.002507
0.002288
0.002475
0.002675
0.002593
0.002634
0.002550
0.002479
0.002436
0.002490
0.002502
0.002679
0.002736
0.002812
0.002950
0.002799
0.002992
0.002804
0.003313
0.002743
0.002956
0.002841
0.003047
0.003289
0.003319
0.003121
0.003393
0.003912
0.003020
0.003370
0.003167
0.003207
0.003164
0.003273
0.004212
0.003496
0.003584
0.003471
0.003317
0.003361
0.003316
0.003465
0.003400
0.003672
0.003828
0.003857
0.003810
0.003924
0.004030
0.003693
0.003628
0.003735
0.004115
0.003982
0.004171
0.004455
0.004118
0.004178
0.004169
0.004006
0.004115
0.004138
0.004076
0.004726
0.004704
0.004583
0.004323
0.004604
0.004871
0.004195
0.004131
0.004156
0.004162
0.004831
0.004922
0.004627
0.004747
0.005134
0.004775
0.004935
0.005034
0.004543
0.004655
0.004795
0.004890
0.005317
0.005371
0.005307
0.005359
0.005250
0.004889
0.005100
0.005241
0.005162
0.005392
0.005786
0.005609
0.005876
0.005825
0.005828
0.005554
0.005485
0.005469
0.005715
0.005584
0.005805
0.006093
0.005944
0.006150
0.006516
0.006266
0.005729
0.006177
0.006024
0.005955
0.006169
0.006390
0.006410
0.006568
0.006659
0.006354
0.006443
0.006190
0.006478
0.006575
0.006371
0.007932
0.006719
0.006790
0.006497
0.006895
0.006634
0.006757
0.007008
0.007336
0.006990
0.007031
0.007367
0.007551
0.007081
0.006784
0.007020
0.006598
0.007697
0.007247
0.006760
0.007602
0.007333
0.006782
0.007661
0.007311
0.006906
0.007874
0.007456
0.007541
0.007826
0.007899
0.007765
0.008729
0.007874
0.007731
0.008353
0.008598
0.008387
0.008247
0.008174
0.008061
0.008452
0.008455
0.008615
0.008595
0.007857
0.008558
0.008920
0.009105
0.007814
0.008682
0.009038
0.008885
0.009257
0.008606
0.008736
0.009046
0.009457
0.009031
0.009014
0.010307
0.008447
0.009454
0.008994
0.009161
0.009508
0.009628
0.009488
0.009640
0.009419
0.009265
0.010032
0.009762
0.010159
0.009695
0.009862
0.009938
0.009732
0.010119
0.010123
0.009351
0.009885
0.010165
0.009504
0.010598
0.010167
0.010131
0.010211
0.010693
0.010607
0.010542
0.010205
0.010237
0.010645
0.010735
0.010264
0.010919
0.010948
0.010819
0.011005
0.010515
0.010794
0.010666
0.011187
0.012562
0.011887
0.010694
0.011135
0.011595
0.010784
0.011650
0.011241
0.010956
0.010936
0.010435
0.011145
0.010789
0.010979
0.011153
0.011113
0.010949
0.011082
0.011570
0.010955
0.011161
0.011052
0.011509
0.010765
0.011168
0.011145
0.010762
0.011216
0.011076
0.011203
0.010347
0.011388
0.011549
0.011077
0.011450
0.011086
0.011024
0.010815
0.011220
0.010767
0.010999
0.011141
0.011131
0.010946
0.010922
0.011405
0.010922
0.011509
0.010749
0.011036
0.011044
0.010959
0.011005
0.011257
0.011956
0.010462
0.011032
0.011069
0.010982
0.011125
0.011060
0.010766
0.010778
0.011049
0.010960
0.011015
0.011035
0.011066
0.011103
0.011116
0.010578
0.011163
0.011298
0.011171
0.011115
0.010989
0.010749
0.011210
0.011928
0.010580
0.011162
0.011038
0.011042
0.011057
0.011190
0.011020
0.010834
0.011066
0.011743
0.010956
0.010832
0.011089
0.011136
0.010931
0.010923
0.011412
0.011100
0.011175
0.011430
0.010791
0.011006
0.010772
0.011710
0.011075
0.010955
0.011064
0.011202
0.010795
0.010969
0.010985
0.011004
0.011081
0.010749
0.011099
0.011059
0.010554
0.010829
0.010980
0.010929
0.011333
0.011170
0.011020
0.011170
0.011362
0.013239
0.011192
0.013231
0.012044
0.010997
0.011405
0.011045
0.010902
0.010294
0.010841
0.010926
0.011029
0.011034
0.011142
0.011232
0.012009
0.010954
0.010826
0.010361
0.010557
0.010879
0.011020
0.010956
0.010814
0.011359
0.011428
0.011460
0.011373
0.010526
0.011270
0.011660
0.010900
0.010560
0.011122
0.011553
0.010816
0.011486
0.010734
0.011761
0.010909
0.011126
0.011209
0.010596
0.011567
0.011490
0.011369
0.011088
0.010792
0.010901
0.011169
0.010711
0.010483
0.010958
0.010632
0.011014
0.011107
0.011657
0.011398
0.011120
0.010924
0.010965
0.010928
0.011255
0.011500
0.012034
0.011588
0.011759
0.012070
0.011843
0.011521
0.011148
0.011511
0.011479
0.012163
0.012123
0.012037
0.012839
0.013767
0.012247
0.011690
0.011676
0.012391
0.011727
0.012552
0.012374
0.012040
0.011990
0.012008
0.011998
0.012848
0.012027
0.011786
0.012273
0.012044
0.012207
0.012060
0.012081
0.011816
0.011962
0.012120
0.012048
0.012040
0.012033
0.012033
0.012051
0.012046
0.012140
0.012325
0.012044
0.012086
0.012096
0.012095
0.011705
0.012424
0.012136
0.012130
0.012297
0.011787
0.012047
0.011705
0.012283
0.012021
0.012051
0.012418
0.011744
0.012778
0.011940
0.012231
0.012198
0.012034
0.012157
0.012789
0.011990
0.012281
0.012792
0.011627
0.012008
0.013029
0.012538
0.012269
0.012434
0.011828
0.011756
0.012224
0.012320
0.012518
0.012337
0.012227
0.012019
0.011880
0.012090
0.012502
0.015129
0.012437
0.012467
0.012787
0.011975
0.012062
0.011738
0.011544
0.011856
0.011832
0.013939
0.011890
0.012186
0.012012
0.012182
0.012246
0.012534
0.011530
0.011607
0.011935
0.012308
0.012725
0.012310
0.012214
0.012721
0.012414
0.012248
0.011509
0.011595
