0.007375
0.006833
0.010833
0.014958
0.006250
0.006667
0.008209
0.005709
0.005375
0.005666
0.005083
0.005584
0.005584
0.006542
0.008959
0.004709
0.005750
0.005000
0.006292
0.006250
0.004875
0.006042
0.005709
0.005292
0.009542
0.005042
0.004500
0.010125
0.007875
0.006125
0.005084
0.005291
0.004875
0.013500
0.004667
0.005208
0.005167
0.005667
0.004917
0.005584
0.004709
0.005166
0.005542
0.004625
0.004833
0.005083
0.006292
0.005166
0.005125
0.014750
0.006958
0.004708
0.005042
0.004750
0.004834
0.005042
0.004500
0.013959
0.004875
0.009042
0.005000
0.006625
0.005458
0.004959
0.005041
0.004542
0.004542
0.006083
0.005125
0.004542
0.005958
0.005375
0.004875
0.010000
0.005250
0.004833
0.004917
0.005000
0.004792
0.005000
0.005166
0.004791
0.005459
0.005291
0.005625
0.008209
0.005833
0.006000
0.005083
0.006000
0.011667
0.005417
0.010292
0.007000
0.009542
0.005500
0.004542
0.005333
163.282833
3.430792
3.335125
4.533542
3.066750
5.042291
17.876083
2.837375
4.438334
10.333625
2.836083
3.264458
2.998875
2.604750
3.072458
3.637125
2.330667
3.332167
2.699583
2.770292
2.649625
2.911250
2.503125
7.548458
3.098708
2.632208
2.484417
2.552291
3.028333
7.690166
2.705917
3.267041
2.695834
2.295625
2.819625
2.870625
2.690292
2.380625
3.484959
3.580041
3.064667
3.568417
3.040250
2.829166
2.998417
3.057958
3.064083
2.379875
2.395916
3.187584
2.308042
2.421458
2.579875
2.876667
3.060042
3.394625
3.365542
3.090875
2.646750
2.317708
2.919041
10.909125
3.281167
8.181709
2.686834
2.471792
2.436292
2.319917
7.958750
2.379917
3.432625
3.432416
2.451875
2.420042
2.460791
3.276333
2.379500
2.817042
5.433167
2.384458
2.866708
2.655416
2.351917
15.347458
2.413500
2.990166
8.273041
2.841375
2.527208
2.429208
2.393375
3.121583
20.536917
2.430708
2.409250
3.281917
5.176917
3.722541
2.845709
2.773208
2.918750
11.836542
3.405375
2.908584
2.353292
2.855958
2.445375
2.634666
3.141583
2.645417
3.103625
2.581333
2.738875
2.938208
2.607584
2.721542
2.665791
12.952292
3.076500
10.353875
10.403917
9.242209
9.046250
3.059125
3.253875
3.416916
2.689083
3.446750
3.312459
2.763625
2.521916
2.659375
2.620417
3.054000
3.468708
3.064917
2.974500
2.907208
2.386708
3.362542
9.784250
2.369708
2.607000
2.508000
3.111542
3.286916
3.378541
2.947750
17.692417
3.462333
3.276667
2.648625
3.163125
2.891875
3.360417
2.975209
2.819291
2.688500
2.924041
3.765166
2.745583
12.564292
2.378250
2.908791
3.217750
2.921000
2.555792
3.494417
3.195333
18.220333
2.589250
2.612416
2.910875
2.789125
3.102709
2.423417
2.367750
2.368167
2.711584
3.103375
3.029708
3.513834
2.632750
19.507792
2.370541
2.418167
2.532250
3.550583
2.417584
2.370958
2.451208
2.771625
3.446125
3.302542
2.929083
2.651458
2.786583
3.090208
2.987166
2.986959
3.316250
2.333250
2.620167
2.510125
2.668917
6.701709
2.425666
2.764542
3.291334
2.317458
3.517875
2.383167
2.859417
3.391667
2.952542
3.056875
2.912459
2.337166
2.617625
2.663958
2.515500
2.842625
3.486584
2.941167
4.226459
2.714083
3.011209
2.948959
2.972000
2.494333
3.139875
3.192125
2.825208
3.168709
3.011708
3.189750
3.157083
2.965958
14.127500
2.468666
2.592208
2.945125
2.908875
2.564791
2.793708
3.173958
3.146125
3.214875
2.913417
7.803750
15.104167
3.845416
3.283291
2.995458
9.174916
2.743834
3.966042
2.673708
2.845792
2.721167
8.679917
3.344333
2.564167
3.330042
10.463000
3.518125
11.605583
6.895709
3.103917
2.903667
3.574916
2.847750
10.892208
2.806375
14.047750
9.569584
3.534750
2.579208
3.239666
3.183500
3.056208
3.206959
2.858875
3.602375
2.469500
3.436125
15.457917
2.537792
2.920583
3.531458
5.867708
13.062334
3.322584
8.747375
2.506458
14.765333
2.671208
9.837292
3.228375
2.836417
3.366083
10.539625
13.178042
2.870000
3.368792
3.148625
3.127417
2.988167
2.955875
2.617208
2.879958
2.606125
13.218250
3.908792
3.636000
3.327833
3.064208
2.508708
14.605916
2.945625
2.915458
13.340416
2.813584
3.659125
2.510542
3.371417
2.943625
2.735083
10.532958
2.628250
13.820291
2.994208
3.472833
3.398833
2.664917
12.767917
9.467709
3.392625
3.264167
9.836792
2.648084
3.264208
2.891500
2.566084
3.547708
3.413834
3.193666
3.218250
3.509916
3.056208
3.425417
3.394958
2.925500
3.516792
2.715083
3.691667
2.717583
3.010208
3.106000
3.577208
15.181209
2.797667
10.181375
2.708417
12.047958
2.948666
15.794208
3.111833
3.379209
2.844625
3.253333
3.185792
2.665250
2.888709
2.560708
8.887917
20.808542
2.786750
3.182834
2.686459
3.544708
3.559208
3.166666
3.584083
2.776708
2.918500
2.511542
3.139875
2.813750
3.325083
2.881666
2.983375
17.345416
11.302792
2.603083
2.570500
14.445250
2.653208
3.888708
4.025125
2.992041
4.607084
3.475084
4.237834
3.943125
3.951416
3.661209
2.944833
8.846375
2.557916
4.041334
3.053667
2.897709
11.149042
6.198875
2.649541
3.568333
12.704750
3.021583
15.402667
2.936166
3.334625
11.594750
3.792458
3.227625
3.482000
2.757667
3.549041
3.263208
10.510334
2.679750
24.213500
2.748708
17.516000
10.239375
2.561084
2.548917
14.464000
3.176083
15.925959
3.191125
3.269375
2.741125
3.538917
3.861583
13.943250
2.629542
4.358375
2.742375
15.592875
2.591209
11.250792
2.975917
2.761916
11.010250
2.560292
2.914375
2.624292
3.851541
3.841875
3.070042
2.658125
3.703208
2.973458
16.183916
2.580833
3.661667
2.994916
8.818833
2.923708
3.519500
3.093208
10.035791
9.559708
3.193416
2.703625
11.082583
2.498292
23.535250
2.632625
15.288708
3.102584
2.831750
19.149625
3.535375
11.783208
8.879292
2.643750
4.063333
14.100166
8.933333
13.429917
2.555416
3.095916
3.004292
8.222208
5.995500
8.237333
16.793625
2.468333
3.544209
2.981958
13.677750
14.058917
2.457583
3.026584
2.594000
2.913792
2.892500
3.367833
3.043458
2.467833
2.509625
9.136875
13.458292
2.506375
3.630417
12.171875
2.655375
3.334041
12.231458
10.512333
3.295583
2.741416
3.078000
3.296875
10.851833
11.023500
26.729250
2.839667
12.762375
3.961708
19.776209
3.467375
2.900209
12.796417
3.432791
2.902166
12.676458
3.500042
2.847416
13.411083
14.894334
3.242625
12.816500
3.583625
3.438625
3.009833
3.441500
2.899417
10.809500
3.535417
10.159458
2.678292
2.903791
2.688709
3.700083
6.639208
13.202083
3.303500
3.727834
3.531041
2.756500
3.218292
3.086875
2.972584
3.060875
3.452084
3.579917
3.462583
3.460375
13.907167
2.890250
3.689583
9.223375
2.713375
2.979750
3.715667
16.154750
10.181791
3.426583
3.701875
2.895583
11.454583
3.856208
15.167375
2.835709
3.019250
11.497542
3.400417
3.667709
3.028541
9.616042
3.244250
3.216917
3.569458
10.431667
2.857375
3.186709
10.678250
3.557375
3.530083
3.436458
2.914833
11.503167
2.796958
3.433459
3.022583
3.562042
2.947833
11.804041
3.372833
3.288292
2.767084
2.889542
11.662292
3.073458
3.065708
2.648084
3.950000
2.608583
3.400708
2.749625
2.589167
14.929458
2.615583
2.677583
6.009667
2.544334
3.205500
2.984458
2.636042
3.359584
3.145625
2.650375
2.499625
3.389584
2.650375
3.046958
9.551125
2.584667
3.290542
6.463500
2.840500
6.309209
3.510458
2.822791
2.632000
3.498291
7.304792
15.073458
3.030750
12.214542
13.961417
3.583625
3.725084
10.171417
3.477334
2.787917
2.600792
3.273459
3.058083
2.904417
3.167875
9.745375
3.032125
2.806292
11.335333
28.133250
2.734750
9.771167
11.182709
2.523333
3.087875
2.962958
3.368875
3.248542
2.542166
2.721708
2.656167
2.907292
3.732417
2.852917
12.012709
21.153791
2.550250
2.537875
3.257250
13.356292
3.007083
3.720167
15.696542
2.753375
12.722667
3.095333
8.634250
4.131417
3.651291
3.919667
2.759375
2.666208
6.674958
2.614541
11.354750
2.796292
2.917750
3.036375
3.332791
3.740708
3.135375
2.567750
3.157042
3.173875
13.210083
25.667875
2.860916
3.109125
23.007916
2.721709
3.106959
13.468125
14.218000
3.277625
3.345625
3.047417
2.747958
4.239833
14.852209
22.157250
2.957333
3.464334
3.951917
3.661042
13.668791
12.022459
3.410167
2.736500
4.491667
4.135500
2.943250
2.856500
3.115083
2.616666
9.625667
2.543459
2.721792
18.569208
9.559167
2.778458
3.312333
3.155750
2.863625
2.636500
3.574292
3.121292
3.505417
3.500333
2.788084
3.101416
11.870084
2.707292
4.039541
2.495084
3.430917
2.850750
2.477166
3.395125
2.796875
2.817084
3.319916
3.029125
2.701791
2.717416
2.882333
3.144250
9.972333
2.457167
3.096292
2.662750
3.215333
3.194875
2.429459
4.018666
2.808875
2.904000
7.467125
2.593667
2.606167
3.234666
3.086333
6.986167
3.283875
3.461625
3.445500
11.591125
2.916375
11.559292
10.456334
7.781875
6.702417
2.824333
3.091375
9.341666
2.674292
18.088792
2.868458
14.628958
2.739416
2.997709
2.867333
10.755584
2.841125
3.388083
6.413375
3.642083
3.556584
3.469000
3.231208
6.788750
6.481458
2.999458
3.156917
3.567250
3.341750
13.830708
3.286250
18.158000
3.108083
3.031375
3.038084
3.571333
2.750041
2.687959
21.528042
4.003584
3.804625
3.166167
2.957917
3.358708
3.298417
2.767416
2.586667
3.038792
2.759417
3.125542
3.165208
2.604375
11.769792
2.811334
11.283792
9.061416
13.070834
2.596917
3.363459
2.680708
2.810417
3.123875
3.147292
2.877083
4.067750
3.101666
3.205250
3.580041
11.802166
2.808667
3.447958
3.343000
7.193667
3.206375
3.850417
2.860833
3.173625
3.581583
2.802750
8.621417
10.539709
3.625000
3.383667
3.019042
2.697459
3.429333
2.714584
3.020667
2.957708
3.528166
2.729959
2.845875
9.592625
5.949250
3.312209
10.622334
2.623916
3.274625
11.321208
6.585208
2.796833
2.645250
11.456417
10.162458
6.020125
2.593000
3.940834
10.808250
3.462083
3.248333
2.580250
3.794292
11.808041
2.505042
2.710750
11.157000
2.486625
3.295208
3.016000
3.383208
3.219125
3.230791
3.409750
3.252959
13.730709
17.166958
3.124375
3.647792
2.658083
3.085333
22.742625
2.634125
2.635666
3.420792
10.783958
15.988916
15.627459
2.686250
3.585417
2.829000
3.646334
3.555292
3.799959
2.812459
3.234584
19.861083
2.629083
16.489708
2.525500
12.453166
9.046125
2.754792
3.061875
2.926542
2.705292
11.112209
2.481875
3.016250
2.925375
9.878625
2.538416
2.609125
3.175834
2.702042
6.293375
3.024333
2.491666
2.864834
2.557000
2.556584
3.123000
2.794083
3.521750
2.741083
10.244625
2.548833
3.140083
13.524875
2.485917
3.277791
3.589708
3.014041
15.433375
9.735000
3.195000
20.376417
6.765583
2.799458
3.498834
11.582000
2.649584
21.458125
8.034333
3.264458
17.461750
3.430125
3.208291
3.546958
11.189166
11.875834
13.890416
2.805833
3.114917
2.907583
10.845541
2.656417
20.929125
3.667750
3.868250
3.354750
10.681458
16.263750
2.982125
17.864417
3.517333
3.684333
2.717167
3.365250
3.145000
2.656958
9.359166
3.620625
2.635875
3.506375
3.298125
3.445916
3.119416
3.466334
3.466208
3.428917
11.292625
17.853083
2.865375
3.214916
2.747084
9.510583
3.601458
2.853208
2.711417
3.506125
2.803750
3.150833
10.868250
13.018084
2.823291
3.110958
2.767208
3.303416
3.684875
3.716916
2.926583
21.853666
22.322833
2.783542
3.476125
17.041625
9.594666
11.534917
3.839625
11.016166
4.002958
3.840791
13.981750
11.050083
3.931709
21.397042
3.543708
3.424250
3.582000
10.691917
3.132583
12.313709
3.157583
9.618542
2.911584
3.494375
3.365042
15.096458
3.715291
10.787625
2.720375
10.719167
3.027958
2.944667
2.723084
2.831875
11.189208
3.252917
2.582375
3.521500
2.540416
3.253000
9.151958
10.464083
3.478334
2.774791
2.768583
2.815125
4.061666
2.525416
11.537875
5.225250
10.772208
2.468417
2.860167
2.472625
3.310708
3.279041
2.906250
2.540916
3.467708
3.024917
15.795166
2.724750
2.642292
3.162125
4.219625
4.189917
3.371125
2.759625
4.061500
3.457208
9.180375
2.833208
3.027708
3.404959
10.459625
2.881667
3.431375
3.528000
11.675667
2.842542
3.198958
14.224875
26.193292
6.967250
3.157458
3.626375
14.137875
6.612875
3.022292
2.986375
2.911541
2.649750
2.953958
3.452000
3.732792
12.340167
6.704375
20.896750
6.150292
3.037625
2.612250
2.852250
3.405542
2.943333
3.392333
3.684625
3.223459
10.375333
2.871875
3.239750
3.656417
3.672000
2.626000
14.578292
2.583208
9.487584
11.512041
2.602458
2.799834
3.528750
3.372542
2.782375
3.272500
12.564833
2.519750
3.029459
16.292208
9.923500
21.096292
3.406708
2.990500
3.212708
3.394416
2.693250
9.222459
13.630500
2.440292
2.594000
2.939708
2.661542
12.621334
2.468125
2.432000
3.668083
3.818625
10.414583
2.532166
2.918583
8.639709
2.538667
3.097625
10.286792
2.476667
3.487000
15.111041
2.457792
4.254000
2.879709
3.226541
10.800708
2.559459
2.668208
2.728542
14.001625
16.808375
9.037167
12.412208
2.576666
3.135417
2.934458
3.523542
24.469708
12.308709
2.560333
3.639500
14.417583
2.510750
3.402750
2.768500
3.455208
18.260208
2.942917
3.902666
2.735417
3.113792
2.980250
2.478166
3.353375
2.787958
2.871875
9.712417
9.340958
2.413875
3.460333
3.137541
3.167584
2.369459
2.801667
2.841250
10.465250
11.867666
15.559250
2.461334
2.859750
3.525458
12.499750
11.025208
6.187166
2.621500
11.113458
2.608708
2.886500
2.500166
2.901250
3.320500
2.797292
3.298208
2.597291
2.763667
2.927417
3.056250
3.140167
3.783292
2.445708
12.064333
13.959209
2.489458
2.415416
6.267500
21.400916
13.292334
9.357709
2.451500
10.809667
2.447542
13.122542
3.225625
3.452417
3.206334
16.363500
2.498584
2.869083
12.447584
2.466291
2.685416
14.602250
2.630750
3.212584
11.580541
2.443042
3.240167
2.565459
3.263541
2.750417
3.014667
3.355750
2.967875
14.243334
2.464083
3.138708
3.399000
2.956833
2.610917
12.249125
2.480917
10.824583
27.124875
2.453709
20.744708
3.424333
17.529542
2.520458
3.494375
13.023791
3.092291
2.514167
9.195208
3.389334
2.685334
3.296125
3.001125
2.760292
2.566458
24.349958
2.984292
2.949416
3.892000
11.675041
12.895083
2.498167
4.259375
3.639167
13.327959
2.524625
2.448291
19.991125
2.511541
11.312375
8.467333
2.917583
2.728292
2.930292
2.838292
20.371750
2.641958
3.504708
3.089834
2.495250
5.973833
2.388708
3.571458
5.764000
3.137875
3.191792
2.939833
3.342750
12.042625
2.510250
3.342500
3.193000
3.197458
2.648125
2.819000
2.698000
3.379167
3.160750
4.133959
3.130750
16.281500
3.969542
3.181500
2.705166
3.394292
3.266833
2.474959
3.191875
3.254500
3.247167
3.142541
3.426250
3.278542
12.814208
2.598167
4.016583
3.147542
2.873416
4.007417
2.617917
3.139291
3.088042
2.907541
2.980042
20.716250
2.581875
2.829459
10.045500
3.165292
2.817334
2.623958
2.609333
3.111625
3.656459
2.810250
14.184959
2.460166
18.760333
3.432708
21.474042
3.221500
3.804375
3.139333
3.206917
9.226542
3.965250
3.007833
2.575375
15.625916
2.924833
2.758750
3.424167
3.402875
3.445417
2.976083
12.809042
2.683667
11.756958
3.782833
13.106917
2.588917
3.003584
2.978250
4.095167
3.235958
3.623458
3.367750
2.980958
3.527084
3.052458
11.153875
3.786666
2.559500
2.799791
19.257541
2.601875
2.588625
16.762334
2.566209
12.481084
3.544584
10.484458
2.688167
2.656625
3.708459
14.438333
2.525458
2.533958
10.392125
2.625292
3.502042
20.514167
2.545292
14.933541
2.804459
2.705792
3.544792
5.153625
3.663333
2.868500
2.763709
2.670458
3.832208
3.180333
2.852292
2.885792
3.004042
11.259333
2.820583
3.259166
3.157334
3.326333
3.262250
11.422875
2.820708
12.594875
3.271333
3.292750
2.939083
13.933042
3.373375
2.562833
3.157083
3.055875
3.261292
2.595542
24.589416
14.623584
2.794292
3.441958
2.977000
3.310417
2.732500
16.071667
2.580708
3.683333
10.058375
10.531958
2.990500
5.628541
2.455959
2.894667
3.470625
3.190791
17.909208
2.781792
2.975084
3.171708
12.253292
2.697209
2.748875
3.401875
3.140208
17.813875
2.956000
2.954083
2.843375
2.724667
2.363292
2.531625
2.622875
3.149958
12.674375
11.774708
8.332541
9.764125
3.133333
3.261000
3.092250
3.104292
2.568333
3.548000
2.932875
3.613334
3.362333
12.581584
2.869750
3.216750
2.433541
3.109917
3.270292
3.439250
3.385125
2.774334
2.653750
2.813625
15.113084
2.973125
2.979959
4.021416
3.809708
4.031125
16.627750
2.931792
2.857750
11.763833
2.915750
3.294792
15.244708
3.071417
11.575000
2.992959
2.796583
2.906750
3.263167
3.615833
2.847584
3.065333
18.689458
3.035000
3.057042
3.964917
2.905834
2.844250
13.366167
3.111916
3.655084
2.436708
2.861000
9.980500
2.467625
3.407041
2.536042
3.044709
21.068291
2.730417
2.941417
3.188333
2.594333
11.217958
2.651500
3.360958
2.696125
3.099791
3.121584
2.970959
3.104458
2.724042
2.571458
3.699417
2.733458
3.237500
3.142875
3.030958
3.308375
7.264875
3.127625
2.631708
7.874292
9.298667
9.689000
2.642125
3.133334
2.475750
3.082042
2.433042
2.787000
15.513542
3.651583
2.780291
3.470750
2.789750
3.164083
2.722084
2.793458
2.535291
9.349291
3.114084
3.145084
2.349208
3.378833
2.944250
2.657042
2.835625
2.867625
3.077666
2.818208
3.247042
2.883250
3.691875
3.071208
10.884708
10.597041
3.349375
9.771125
2.541958
3.182042
2.881291
4.349583
2.469458
8.468792
3.281333
2.985250
3.241375
2.504584
3.896000
3.204542
9.776208
2.469000
10.648083
2.583500
3.142542
2.997458
3.585792
15.568875
2.545292
3.785083
3.151333
3.060375
7.393209
4.989583
3.231792
3.313459
3.104792
2.393250
3.228750
2.397042
2.565250
2.339959
2.325542
3.552375
2.924750
3.069667
19.693458
2.410250
3.215750
3.136666
2.367958
2.472625
2.482417
2.639500
10.172458
2.335833
2.707333
2.445208
7.818375
2.328333
3.043417
12.875125
3.255042
2.732500
2.749583
3.410750
3.504041
2.385459
2.369083
24.476208
18.959625
3.245459
2.975792
2.370333
2.661750
3.338792
3.217084
2.689917
3.090250
18.188917
2.350667
11.445334
3.285583
2.859583
3.473583
2.365584
2.436833
2.323125
2.530000
3.031250
2.489042
8.211709
18.130292
2.379167
2.981333
16.193625
4.110167
3.206708
5.967125
2.609542
13.294750
4.594875
3.522500
3.596500
3.475834
22.767375
8.912166
2.655084
3.248750
3.746375
2.937167
3.125458
3.496792
2.828166
3.915750
9.943708
2.777167
9.496416
3.140417
3.217709
3.590709
2.722833
2.990750
11.037917
2.638458
3.217250
2.633208
16.917417
2.470833
3.454833
3.202666
2.774166
3.268834
2.770833
18.762209
3.202584
3.592667
13.864042
3.265417
2.924084
2.762916
3.496958
3.282459
11.670167
2.547709
2.616042
3.094792
2.809875
3.446375
3.220208
2.611333
2.976209
2.896834
3.445584
2.983375
2.848084
2.912875
14.017375
4.007209
3.399084
12.110500
8.764708
14.081167
3.092208
14.139541
2.480791
2.767417
3.022417
3.175125
2.463833
3.442125
11.389250
9.573834
2.864625
2.612000
3.184167
3.196167
3.118958
14.037334
11.124833
2.486500
10.530583
2.681125
5.720958
9.888750
2.829083
3.088542
16.495334
2.493584
2.748291
3.547125
3.316916
2.804709
3.100291
3.159791
3.341583
2.962875
3.804041
3.408042
12.883583
3.525917
11.228375
2.633542
19.822500
2.645417
21.431083
2.973125
3.151625
3.700959
3.603000
3.118916
2.948500
3.151875
2.735041
8.531166
3.033208
28.253000
3.625709
3.213208
3.106292
17.191625
2.866667
3.457000
17.068125
2.979833
2.946167
12.933666
3.196250
19.927542
3.361084
2.867833
2.827833
3.470000
3.253750
3.037750
2.744916
15.016750
3.873458
12.325333
3.196041
26.783500
4.432417
2.862083
2.779250
3.141417
11.804625
2.945542
16.441542
2.987833
3.367583
21.764542
2.823916
11.754292
3.461042
3.639750
8.601959
3.686459
3.684500
2.822875
2.668167
2.966334
10.813625
16.856042
2.921833
3.588792
13.145083
2.640334
11.698333
2.860709
3.424792
7.638792
3.985833
3.479708
2.961667
3.027625
2.690458
3.460125
3.452041
3.362292
3.102459
3.487542
3.172583
2.802625
13.801375
2.743417
3.598209
11.425875
2.618667
3.396125
15.138875
3.492958
6.192584
20.433541
3.057666
3.229875
4.206667
3.394917
2.775583
3.257000
3.124459
2.905041
3.631750
2.626292
2.590667
7.225083
2.629375
11.964666
2.691625
12.627625
2.808792
3.623041
2.671583
3.690917
14.465333
2.598875
3.681542
3.354666
3.105000
3.015666
16.962917
3.469458
3.626500
12.411250
13.435208
2.893833
3.484958
3.761916
3.752625
11.809208
2.672417
2.832208
12.522834
3.127416
3.387833
3.371292
3.445625
3.993958
3.132292
2.663417
3.530208
3.444291
3.753417
13.556167
2.802125
3.740125
2.703333
2.823750
2.862500
3.684000
3.319125
3.736750
2.857292
2.701166
3.526125
2.656125
3.725291
3.499625
2.975625
13.715000
14.516042
2.912333
3.296334
3.638000
3.588000
3.529750
4.101958
3.275792
10.169083
2.945917
11.774250
7.795333
2.916500
3.460916
19.625583
2.697333
10.270916
2.986959
2.895458
20.367875
6.307041
6.280250
2.867709
2.720042
3.679625
3.599167
3.264083
2.604000
2.768291
14.784792
3.063292
13.752000
3.062833
3.548125
2.896792
2.575333
11.329083
4.135917
3.362500
3.102041
11.011917
2.906042
3.224167
3.212209
3.304542
20.098417
2.749000
13.462917
2.642334
10.699792
2.703750
2.676917
15.953459
20.844042
3.790291
3.248250
12.125625
6.377375
10.304958
15.254292
4.183500
3.653750
3.414834
3.421083
3.724208
2.717958
11.316584
3.386917
2.532834
2.892833
2.816042
3.614042
2.904542
11.381666
6.631375
2.883292
2.766250
16.586667
3.205125
10.791833
3.510667
3.770875
3.158791
3.277208
3.022666
3.185917
16.553542
3.888333
3.215333
3.341875
3.768417
2.892167
3.198250
10.778292
3.161500
3.195667
3.390250
4.285458
3.006709
10.668375
13.163791
25.701208
3.208041
4.142041
22.372458
3.835917
16.177667
2.976333
3.301667
3.319084
8.764708
13.351750
3.902084
3.736833
11.720167
21.741750
2.934084
3.713625
3.904541
2.664542
10.232250
3.020084
3.043709
2.725750
2.687709
2.972666
4.805459
3.334666
9.510291
13.846708
3.169958
2.508250
3.096542
2.759000
9.614416
2.431583
2.810333
3.185375
3.623584
3.447125
3.872209
2.606459
3.134792
3.189292
3.409125
15.827542
2.451333
14.938042
3.206667
3.324750
3.273375
3.036958
3.293458
3.620500
2.503208
14.589542
3.292625
2.641459
2.790208
2.945625
2.905375
3.403875
2.544958
3.006250
2.935167
10.991625
8.471000
10.796250
2.507375
2.876000
3.630750
3.028708
18.045125
2.425875
3.419792
2.714750
2.902708
3.397667
3.431250
2.543625
3.654125
3.939500
2.712250
2.584542
2.981375
3.409250
2.681334
3.509333
16.821792
11.848458
2.455750
3.193583
3.169917
15.349625
2.463500
12.537625
9.514083
3.183708
2.479708
3.115375
3.325459
3.102125
3.741375
14.593583
2.584458
3.023417
2.918542
18.770541
2.576042
2.918625
16.302833
2.550875
2.932167
3.018208
2.709667
14.964458
2.592916
3.451667
3.552584
14.807834
3.437375
14.636959
3.063833
3.222833
10.993125
2.457584
9.662708
19.609125
3.862250
3.674583
2.483500
4.702584
7.633666
3.251500
3.455375
16.355583
3.216584
13.318458
2.435542
3.426083
14.811375
12.195292
2.505333
2.659584
6.035208
3.020542
3.424292
18.444708
2.557542
12.285917
3.016500
3.220791
2.784666
2.869166
3.006250
3.217083
2.745458
2.539916
3.010291
2.833333
3.361333
3.346792
3.879667
2.694083
2.657584
17.050208
6.462125
2.429584
14.364875
2.915250
3.150250
3.381667
3.039125
2.901708
3.090458
3.064750
2.391375
2.359334
3.403875
3.412000
3.822042
2.865458
2.865750
3.420459
3.657083
15.896042
2.563917
14.910750
2.496458
3.086916
3.030750
3.907459
2.694417
13.594834
2.628000
6.043833
2.460625
10.113792
14.687292
2.977916
3.042625
3.425417
13.021708
2.475000
2.821208
2.409333
2.747542
3.002250
3.582084
19.446084
2.852875
2.994167
3.219500
15.841667
2.414166
6.518250
2.432375
3.052291
2.864625
3.438542
3.243375
12.404916
2.442625
2.606750
6.423083
7.745750
11.640292
2.737500
2.753667
13.466209
3.065167
2.818250
12.252000
2.438709
2.843958
3.220875
3.662667
6.656667
6.734834
2.518500
12.270500
2.876084
2.744417
2.680917
3.253416
3.456250
3.193292
3.019625
2.551000
2.964083
12.326667
2.546625
2.879000
3.205625
3.206666
3.439333
2.701334
3.068958
20.724708
11.336916
3.593875
2.441291
2.913458
2.804083
2.633917
8.029917
13.861459
2.461417
3.266500
3.116916
2.918125
3.379875
2.876791
3.364750
5.740208
25.690458
2.437709
3.407417
13.091417
2.451875
2.848792
3.806917
3.193125
2.528625
5.108375
7.533917
2.623291
2.579542
2.398167
3.660041
2.826833
2.459750
3.376208
2.949542
2.728375
3.390292
3.349083
2.691875
14.248125
4.103416
3.613000
2.753958
2.839042
3.148208
12.972333
3.402333
2.529500
15.933833
2.469208
2.827375
2.937875
13.294625
8.700708
2.491416
3.196333
2.575583
2.732833
3.110083
3.564458
2.555291
2.463584
2.535667
2.669250
13.186834
7.415750
4.573917
2.615834
3.406417
3.619375
2.788750
13.634500
3.207959
2.846833
2.793292
18.783583
7.715750
26.975541
2.561584
3.425250
10.784167
2.513583
3.017916
3.034375
3.010875
4.754458
13.663958
2.503292
2.988625
3.118209
2.837541
2.984708
3.244625
3.215750
2.689917
2.728541
2.903084
3.193792
3.416375
3.165416
3.192375
3.439792
3.047042
3.039875
2.483459
24.802250
2.500459
3.474208
2.455625
3.656875
2.587584
3.505333
14.762542
2.495416
8.902666
2.502334
2.790250
10.848292
3.124750
3.613917
2.825458
2.795792
2.946250
2.929166
2.874625
3.084792
2.853542
3.059750
2.907750
3.951959
3.031167
2.442584
2.556958
2.875042
3.063583
2.774417
3.609416
2.700083
3.473208
12.546000
2.627833
2.561708
3.044041
2.547834
2.535667
13.358667
6.078958
7.607667
3.005166
2.648333
2.927667
3.034334
3.051333
9.713541
2.470417
3.458458
2.473417
15.956958
3.495916
2.726875
3.021375
12.158292
2.932917
8.872542
2.408167
3.302791
9.932083
2.433166
11.997833
8.690417
2.877917
2.366250
8.029375
10.703666
2.450459
2.469291
2.790958
11.226208
2.420042
4.056000
2.652708
2.938583
2.627291
9.673666
3.257958
2.914334
10.922083
2.536125
12.503792
2.565834
3.520042
11.522167
2.498500
3.546750
3.307375
14.534125
2.657458
2.518417
15.048041
12.362125
3.210625
2.828709
3.065917
3.249125
2.873625
3.356542
2.603542
3.495750
3.469584
2.864750
3.031083
2.748125
3.554417
2.674458
2.738708
2.872209
3.267750
12.557250
2.567542
3.364250
3.011834
3.134958
9.135625
2.574709
2.845625
2.879083
3.030625
10.236833
2.702875
2.752500
2.968500
2.584583
3.020583
3.867667
2.571042
2.875792
2.905750
2.787500
2.838125
2.865041
2.847500
2.614458
2.867292
12.851250
3.012458
2.828708
2.957542
2.788125
15.676000
13.868834
6.099209
2.699625
2.883750
14.514458
3.094500
2.878084
16.252958
2.493000
4.291500
2.841250
3.228500
4.022042
22.705750
2.564959
2.581208
3.898708
3.589583
3.018333
9.966166
2.677791
3.591000
3.266625
3.145417
2.845833
3.633792
3.477084
3.193875
18.353834
14.587125
14.027875
2.563625
3.732917
3.409000
2.916833
2.777250
2.718750
3.217500
2.927791
10.183417
3.874208
3.490750
3.403458
12.943833
2.580625
3.003583
2.690917
2.588334
2.551583
11.701375
3.400459
10.010625
2.574417
2.789583
3.555625
2.933166
2.546042
2.758250
3.409875
3.079667
3.125542
2.855542
8.608625
2.618958
2.607959
3.646584
3.519125
2.862792
3.414541
3.749333
10.366875
9.326458
2.664792
16.804917
10.385958
2.716833
9.562333
2.571625
8.240708
3.204958
13.098042
2.554750
3.159042
12.748125
21.020000
2.544750
2.704917
10.614917
2.918625
3.386250
3.008375
2.704375
3.182417
3.068083
12.097958
3.037000
3.079666
3.866250
17.885875
9.769417
3.348875
10.093375
2.815292
3.351875
12.913625
3.358208
8.806834
3.744500
4.180958
3.174500
3.496292
3.762375
2.955625
3.287584
3.327333
3.649833
11.402583
15.249166
3.220625
2.570125
2.892542
11.416375
2.581708
10.083167
2.544291
3.344625
2.851166
2.919625
2.982334
2.851625
3.158750
2.906083
9.328458
3.423459
12.658875
3.164583
9.206083
2.581292
3.423417
13.606541
2.507250
12.254250
2.573417
3.448500
3.654709
16.348125
2.475750
3.475833
3.459625
3.733542
3.296459
3.691375
18.493000
2.519917
12.407500
2.453959
12.360333
8.280125
2.440958
3.219292
2.854458
12.181542
2.441959
2.858417
2.627334
3.631416
2.928709
3.591250
11.674958
3.237958
2.486750
3.753292
2.904458
2.815333
12.443333
2.616750
3.198833
3.049792
3.273167
3.468541
2.769041
3.456542
3.070042
3.439625
3.129208
2.852542
12.420000
2.457958
3.240583
2.543458
3.128209
3.585125
3.379292
3.134042
2.900000
3.185417
2.864583
15.609750
20.956458
2.605083
3.371292
10.398458
2.425917
2.455083
3.160834
2.666791
3.260583
2.638042
2.827666
5.696875
12.146708
6.597250
7.702958
2.794042
8.669458
2.430667
3.403500
3.016083
2.975750
3.643792
2.550083
2.728292
3.471750
2.695375
2.979542
10.991833
7.618000
9.419708
4.237042
2.808166
3.128417
7.349833
2.702125
2.730083
2.446625
3.065625
3.210625
2.850583
3.194083
2.593375
3.949084
3.457375
2.732791
18.323834
2.507291
2.503542
3.669875
5.707959
5.184500
3.664583
14.231959
5.188875
2.854500
2.718500
2.974417
12.196084
9.043958
2.445875
2.455708
2.833625
3.420833
2.721041
5.699750
2.482750
3.261583
12.838292
4.322208
6.695584
3.454333
3.222667
2.925958
3.952792
3.374041
3.697958
2.845375
12.489917
2.676334
16.474375
2.629250
3.554041
2.901958
3.141333
16.900708
3.337667
11.195708
2.505291
2.557042
2.786917
3.495458
2.777250
2.809250
3.395208
2.926500
12.435250
2.642459
3.494084
2.902084
3.438041
18.693250
3.479125
2.776083
2.766584
2.882000
13.290375
3.258083
3.241750
3.666959
3.276416
12.354167
2.490209
3.433875
3.089125
19.007583
3.012958
3.221708
3.398333
2.682167
3.412292
3.240375
2.886375
2.734250
3.371250
3.051666
3.940166
15.918250
9.681959
2.430792
2.917291
3.396958
2.604458
2.706959
2.528959
20.255625
2.443750
2.919916
3.111125
3.886583
3.330500
3.125375
2.963917
3.277250
3.332833
3.118833
3.819917
14.028125
2.431459
3.080958
2.965708
3.280584
2.886042
2.381625
2.600791
2.651208
2.415084
3.315250
3.066833
3.101833
2.952417
2.929375
3.121708
3.223208
2.866791
2.509375
2.447834
2.882708
3.021291
2.350167
22.959917
2.383583
13.403458
2.515958
2.617084
2.767750
8.799959
2.358042
2.493583
2.596833
2.602541
2.400417
3.501625
2.328083
2.964250
2.650834
2.588250
2.498792
2.564458
2.885041
2.317583
2.420250
2.314542
2.426333
7.878750
3.459709
2.783583
2.593958
2.890875
3.053791
8.912125
2.479041
2.359833
3.490917
2.350542
2.927750
2.888333
2.309750
2.594875
9.401542
2.354250
2.652125
3.408875
2.843209
3.316500
12.137666
3.030208
2.875000
3.228333
2.948125
2.325708
3.274666
16.362333
15.185208
2.747583
2.910583
3.130834
2.944292
2.935083
2.902416
2.727833
2.791500
2.943958
2.376916
2.794250
3.555583
14.575792
12.488791
2.419750
3.888459
2.725833
13.425792
3.218916
3.220458
14.207333
2.487083
3.656833
2.881750
2.571875
3.426166
18.151750
2.427916
15.706958
2.962958
3.197958
20.718916
3.892458
16.394083
2.433833
2.889083
2.576083
23.754416
2.632708
3.941833
2.741000
7.686916
3.440791
3.213000
2.838916
2.823708
3.565667
20.324083
3.221666
12.136500
2.458084
3.391625
3.180875
15.812958
2.401708
11.195250
2.516750
3.143709
3.428959
3.181792
3.163958
3.329000
2.771375
3.161084
2.810750
2.827958
3.089750
2.558208
8.111750
2.438709
3.316458
2.538959
3.162417
9.165750
2.440375
2.983625
2.833917
2.844958
2.983958
3.344625
3.320791
2.897625
3.598333
3.320584
2.379709
7.377541
9.126708
2.908000
3.393333
3.176083
2.966584
3.127542
2.378000
2.341834
3.044375
2.878709
3.234708
3.326333
3.087500
2.824542
3.724000
11.907708
9.222167
9.031833
4.904750
2.364917
7.736208
2.488708
3.102500
11.793709
3.925708
2.351917
2.469167
2.342584
2.318125
2.421542
2.786166
3.057541
2.758625
10.712125
3.948250
9.850958
4.889625
15.467375
2.372125
3.257625
3.219750
2.850459
3.243375
2.323458
12.354417
8.499041
3.660500
2.574458
2.606750
2.392667
10.687542
2.351417
15.382167
18.527833
4.883584
2.703750
2.877709
2.946042
3.380459
2.845166
10.076000
3.948209
3.542333
8.882167
4.049042
3.234084
7.275125
2.334458
2.464458
2.873708
7.702750
2.982667
3.036917
3.443417
2.341542
2.869417
2.362625
2.804750
3.174792
3.012167
2.773375
2.392334
2.467959
2.592625
2.463167
3.264042
2.366916
2.362791
2.462958
2.359041
2.736750
2.484041
2.882958
6.491083
2.544791
2.725583
3.427709
3.700167
2.560625
3.304542
2.457292
2.470041
3.230166
3.152584
12.687667
2.625083
2.588750
11.455458
3.542416
2.992792
2.830291
3.505458
3.194084
15.773667
4.677166
2.638875
3.434250
3.450833
3.982834
3.317209
4.249041
4.346167
3.979000
3.010125
3.492584
3.965958
3.335750
3.494125
3.123833
3.046291
2.953375
2.808750
3.286084
3.330750
8.185583
3.282542
2.898208
3.647625
13.232334
2.986250
2.615083
2.826792
11.326166
2.555959
10.582834
2.710958
2.545333
2.954750
3.277584
2.840709
3.770125
2.756958
17.391916
2.888583
2.785917
2.983958
11.430791
2.706709
10.317208
2.935041
3.979375
4.255459
3.456792
3.441333
3.163375
3.724125
3.061125
7.741000
9.384833
2.720167
3.148917
3.522334
2.989291
3.375667
3.884958
10.563000
2.863708
3.441500
3.732541
3.264625
9.290583
2.951333
3.305250
2.917792
3.851208
3.201083
25.330959
6.942875
3.269917
3.615625
3.435833
16.114667
3.611000
3.099834
3.757958
3.682583
3.243500
2.953542
3.282917
22.114375
3.406584
4.109792
22.019792
10.024083
3.228042
2.796542
2.914500
3.848250
16.954708
3.080417
3.810250
4.010125
3.474417
3.656291
2.874709
7.650459
3.463500
9.715709
3.272750
2.869084
13.085375
2.813625
2.768916
2.935750
2.709708
3.704458
3.758750
14.831750
3.142750
3.727042
22.004750
3.153209
2.987792
21.839500
2.648000
2.767333
3.065334
2.971000
3.467916
3.847958
3.080792
3.017083
6.762583
2.849333
9.097417
3.035375
4.128375
3.334375
10.579334
2.788125
3.584625
3.738958
11.777000
2.677125
6.769417
18.089916
13.141333
3.714084
12.828333
6.625708
2.503417
2.728375
2.662708
4.014875
19.370042
11.431459
3.374042
17.053500
2.648584
2.888625
3.391458
18.191209
11.089334
3.025667
3.137916
3.600666
2.713292
3.025875
2.961833
3.296916
11.034333
19.309125
11.129292
4.458417
3.215416
11.865417
2.833292
3.118750
3.614875
3.273667
3.441708
18.832666
3.694375
17.041292
3.416875
12.012833
3.023167
3.361709
3.147334
3.093791
13.626500
9.497375
10.220125
2.875125
3.563750
3.896125
3.411416
3.729000
3.112250
2.875875
2.728458
14.520417
2.526125
3.615250
2.827167
3.175041
11.335500
2.770792
2.675166
20.388542
3.752167
9.074750
16.141292
2.952250
12.820792
3.509500
2.735833
3.681041
3.429292
11.662208
2.972667
3.095708
3.481334
3.738083
10.807500
2.631667
12.738917
2.754083
2.628750
2.885708
2.569125
2.749459
9.845667
3.465417
3.607791
3.897584
2.821667
2.865041
11.446500
2.959625
3.463167
10.165208
3.610500
2.584542
2.852334
4.080042
2.954917
2.881458
2.925292
3.599584
3.583625
3.392458
3.448625
2.666667
2.903292
3.265334
3.537667
3.555084
3.057417
11.550042
3.748500
3.671500
3.088291
4.193416
3.422291
13.086375
12.980167
3.442333
2.704583
3.756750
11.620125
18.134542
2.814084
3.962125
3.314917
3.715541
2.920083
3.787334
2.958625
2.694583
3.893708
3.107625
2.731917
3.677000
10.956250
3.291208
3.703708
3.443250
3.079250
3.051625
3.725167
2.805833
3.683500
2.766292
4.345750
12.274458
10.888542
3.243333
3.811667
3.214625
14.554791
18.583500
13.976291
3.484417
3.232959
3.068416
14.354875
22.792417
3.515250
2.837083
3.771291
7.526875
2.915417
3.490417
2.899084
2.979291
2.633042
3.666750
2.964041
3.020375
3.440125
9.920334
9.281625
2.794333
2.977417
3.620916
3.007417
10.166708
2.679291
11.442000
3.128041
3.038583
3.686250
2.807417
2.973917
2.929125
2.598125
10.042417
2.956375
3.592958
2.980166
12.644917
2.682916
3.872833
3.094417
2.699000
3.106500
14.961875
2.523333
3.498917
19.341583
11.074542
2.544500
3.529500
19.226541
2.820250
2.504958
3.507583
10.984833
3.243417
3.486541
15.376792
2.818750
16.230250
3.794875
3.386125
3.096459
3.830583
2.756917
3.385208
3.502208
10.087833
2.918709
3.248292
14.514917
10.042417
2.764667
3.252458
3.406500
3.238459
2.948250
3.304792
3.526958
3.755333
3.727334
3.970125
16.895000
9.602250
3.043166
3.731541
2.807000
6.593959
3.057417
2.695166
3.695125
3.172083
3.420875
2.759625
3.585875
3.200083
3.047541
20.351875
3.316375
2.938666
3.653667
2.914250
2.994375
3.410542
3.009625
3.347667
3.814125
2.901500
2.686209
3.363875
3.012250
3.003583
2.923709
2.614459
11.585333
3.855458
3.014500
3.712542
3.114792
2.947041
3.299291
3.337292
3.513792
2.641750
3.679167
4.073875
3.984584
3.005458
2.909666
3.100167
11.953209
2.733666
3.032625
3.375167
2.764750
2.911125
22.751792
3.125125
2.773000
3.787708
3.554208
4.062458
10.320542
3.284417
3.674959
2.700209
16.125208
2.778041
15.679959
3.159584
11.717000
2.532708
15.942792
2.554833
20.761250
2.599291
3.390333
2.866041
3.251959
3.531917
12.645625
3.732541
12.776209
2.502292
2.951250
2.942208
2.768250
2.667917
3.061334
9.686709
2.794458
4.035333
8.988167
3.502875
3.477500
3.739417
21.284125
15.740542
2.836000
3.251667
16.615583
2.837500
10.311167
2.659375
12.172625
2.782833
2.811666
3.482500
2.831667
3.403875
3.437083
3.770667
3.531292
3.762291
13.367375
27.088333
3.068000
3.566250
3.684334
3.119292
3.212709
2.670709
3.133000
2.967208
15.611625
3.758417
2.919666
3.421375
9.166542
3.009958
3.998125
3.577708
3.636417
16.222750
2.947334
3.861583
10.261959
19.229625
10.841792
2.728542
3.222041
3.063416
26.095875
2.838334
3.573209
3.804666
3.566584
4.084583
8.768792
8.987834
3.756334
8.918750
2.660208
3.988667
11.741417
2.690500
3.488667
13.913250
2.782542
13.249125
4.081167
3.119417
2.899583
11.590041
2.770791
3.120459
2.881792
10.142917
3.594416
2.892083
2.714375
2.993750
10.624959
3.212292
2.926625
3.573500
12.802250
2.648250
3.330709
2.590958
11.140416
2.797583
3.262875
11.136208
19.771584
2.655375
2.834000
11.107708
2.626500
2.683000
3.489500
3.737459
2.949084
12.021500
2.575958
2.912333
2.942250
3.277500
3.423917
3.552333
9.681417
2.737250
6.410083
3.049000
4.034875
3.147625
3.623208
10.908125
3.239833
3.206667
26.228167
3.130083
2.938625
10.203125
3.446958
3.572375
3.094625
25.386250
3.355792
3.024750
2.999125
3.259291
2.976625
2.722750
2.961625
3.107875
2.937209
4.695000
3.721583
3.383375
6.133458
3.256833
11.536292
2.685792
3.704208
3.361708
9.282917
2.705000
3.422708
3.923708
2.680583
3.009958
3.988291
10.499250
2.846875
3.575792
2.990833
3.784667
3.837250
2.997875
3.150125
3.732292
3.180250
9.733083
3.890834
3.178833
9.609375
10.835417
2.772125
3.339791
22.755333
3.033250
26.572416
3.026792
3.213167
3.139833
18.329667
4.130875
3.075042
3.874208
7.220833
3.399041
4.114000
19.474584
11.491708
7.128625
12.517167
3.512959
3.233875
3.227500
3.434959
3.264333
11.162959
12.154667
19.527875
18.678875
3.587125
2.705375
3.796000
3.478542
3.129375
3.080833
2.934791
2.900875
3.263375
4.211292
2.858208
3.299833
3.638084
2.642542
10.815750
3.557083
8.689958
3.203333
2.957958
3.656125
11.600292
3.247333
22.407334
9.513333
3.591584
3.393792
3.124000
3.055500
3.125041
19.120333
3.376834
10.160583
3.588000
2.825375
3.374459
3.780250
6.958833
20.808250
3.818792
11.243416
4.002333
3.752042
11.020500
2.835875
9.403375
2.852166
2.987875
3.932083
11.657208
2.661458
3.483292
2.794542
4.695500
3.717625
3.706084
3.426042
3.219125
3.723250
3.831166
3.461084
3.819250
3.802500
17.691667
2.766041
2.694833
3.619459
2.958042
2.828334
3.043583
2.778458
2.768542
6.601291
2.558541
3.308416
3.718417
3.125000
11.059083
2.501542
9.794209
2.665125
4.157333
3.493083
3.885959
3.640875
3.121000
2.868959
2.586625
3.253583
10.928500
2.637459
10.954041
2.510458
3.192417
2.848000
5.725250
2.492500
3.008250
3.107333
2.695500
12.323375
9.445417
2.604083
2.504708
3.450750
3.035417
14.814042
3.051958
3.427542
2.851042
3.414209
3.453250
3.475000
3.203333
3.391875
3.348375
2.903250
10.033750
2.492208
2.814041
2.542625
2.647583
8.727166
18.698166
9.327208
2.480292
2.772250
3.241000
2.561167
2.420583
9.659250
2.378000
8.454708
10.837833
17.011417
2.337041
2.779541
2.815375
2.985667
3.294250
2.913250
3.016083
2.708250
9.702250
2.678042
3.657041
2.413375
2.919042
3.034833
2.498375
2.394708
3.075083
6.643375
3.122667
16.054000
2.322875
3.223000
10.701875
12.933709
2.617917
22.918375
2.320417
3.112958
2.803667
2.695875
2.835458
3.074167
2.915792
3.430417
13.447500
3.624250
3.120166
3.142083
3.127833
3.118792
2.921750
2.513125
3.086750
20.687500
10.675958
2.484709
3.105917
3.462042
3.291417
2.798875
2.849708
3.797500
10.543875
9.833250
14.652750
2.586667
2.680250
11.014500
2.542750
9.883708
2.555750
3.761583
2.772375
2.731833
3.537333
16.161750
2.560500
2.771291
3.255458
8.823375
3.032542
2.615042
2.848458
16.368708
2.855667
10.877917
2.605917
2.752375
4.046959
6.084000
2.886042
2.888708
2.890750
3.654792
2.733166
18.059458
2.905291
3.212166
12.563125
12.403000
3.471542
15.808500
19.743333
2.842250
3.256625
2.620708
16.714167
2.536458
3.249084
3.267417
13.324500
2.469000
9.545250
2.542000
16.647083
2.584750
2.638458
2.967458
2.717417
11.534542
2.611750
8.541250
3.559208
2.822291
2.589250
3.455500
2.681167
3.102417
2.742083
12.662250
2.783625
3.488584
3.533167
3.650542
2.588208
2.907833
3.126125
2.566750
3.518375
2.580000
17.331958
3.855958
3.627375
11.571083
2.633959
3.012666
10.203750
2.876084
3.734500
3.380958
10.343541
9.902750
3.251958
8.806166
3.478917
3.065584
10.203375
2.536459
10.419875
12.547750
6.686417
2.841542
2.696875
3.181042
3.229333
3.944958
3.945958
3.490625
2.710875
6.088042
2.777541
3.224334
2.970542
3.369375
8.685333
3.705625
12.555125
2.646792
3.062542
10.997167
2.967042
3.043459
2.975375
3.914041
11.546125
3.034500
2.849750
11.487417
2.792917
8.140792
2.670333
12.728500
2.694167
2.863750
3.183542
10.169875
3.228791
2.850000
2.846833
3.148208
3.394625
11.196875
12.747959
2.809500
3.487333
2.863208
12.852208
2.803958
10.273166
9.341959
2.748167
2.802250
3.890125
12.133917
3.412208
2.890000
11.553083
2.744042
3.387500
3.077625
4.209125
2.613625
9.210792
2.637292
2.579750
3.399791
3.622750
15.868709
7.609167
3.438667
2.817625
3.067208
13.142500
2.881750
3.678667
11.265458
2.739500
3.398667
11.381166
2.559791
3.849917
2.986083
3.236334
2.797542
2.794667
2.922042
3.486000
3.325125
8.961000
9.181875
3.349417
2.810125
2.594375
3.145042
2.655750
3.112209
14.794416
2.560167
2.922708
2.626125
3.077084
3.153292
3.341333
2.906625
2.715917
3.465542
2.844000
2.995500
11.449708
3.911625
9.344708
4.107042
13.422208
3.484833
3.309000
9.027000
17.138042
2.637792
2.961292
2.583458
2.970083
3.330833
8.879917
2.791209
3.265416
4.351834
20.963042
11.303667
8.846459
3.003125
2.395791
3.315500
2.729583
11.379583
8.843167
2.376584
3.371875
3.354792
3.124167
2.934333
3.077209
3.551042
3.093458
13.051417
8.643625
9.111042
2.579333
3.287500
3.090958
11.519917
10.510792
11.254084
2.539000
3.465917
2.315833
2.316250
11.488833
2.380875
2.666625
2.950167
20.105125
2.497166
3.439291
3.495709
14.075792
3.070292
10.959000
2.656417
11.106875
2.628959
3.328083
2.931917
2.956416
3.523333
2.966417
2.862416
9.986583
3.709417
12.849084
2.727542
3.063167
11.197250
4.010167
2.928625
3.074250
9.898125
2.545792
3.302417
3.704209
11.309583
2.716625
2.906041
11.248958
2.955500
2.932625
11.464208
2.645083
2.894084
9.208166
3.468333
3.655250
3.608542
2.792375
3.681583
15.767042
2.936834
2.759875
3.690792
3.556709
3.072333
3.419625
3.249209
2.670750
8.886042
3.118709
2.777750
3.266417
2.758542
2.771375
3.423375
2.672875
3.835667
3.321416
3.081333
2.636708
15.497500
2.991375
3.047958
2.760792
3.030250
2.823209
3.552666
2.929208
2.798667
5.815042
10.414667
2.835042
4.603750
15.276666
2.656084
4.018917
3.944292
3.443458
3.253583
2.764959
3.053250
3.730875
9.744542
3.049125
2.639667
3.265959
2.627125
2.651292
2.941000
4.449875
3.041917
3.519000
21.700375
2.899458
16.711250
2.681166
3.526875
3.193667
16.431292
2.982875
3.389500
3.557125
2.948417
4.839791
2.798375
3.103458
3.107375
4.025875
3.266917
12.485167
8.710458
2.648834
3.191167
2.703291
2.648750
3.334041
2.818458
3.116125
3.394584
2.795625
2.940291
3.616375
3.729375
2.991209
2.851916
3.065833
3.073292
2.944042
3.072250
2.755208
3.393125
2.887542
2.943375
8.189000
6.626166
2.926000
2.686125
16.523834
3.235167
2.984333
16.177083
3.415042
2.552375
3.185917
2.861667
2.626458
2.803916
3.809667
2.890417
2.703667
2.987584
16.916708
11.025459
2.660416
3.075667
2.650375
2.931625
3.462625
19.587417
2.697208
3.172167
3.597958
12.164000
3.548833
2.858833
3.263541
2.716250
3.338667
2.602042
18.316750
3.679125
2.724125
3.216625
2.870667
14.330208
13.153334
19.602208
2.455917
3.015209
14.620209
3.338333
3.501042
2.450625
3.446042
3.498916
12.452875
2.584333
2.933167
3.240959
2.442917
10.216875
2.538333
3.428375
2.885000
2.523459
2.651917
10.234541
2.447750
3.973625
13.327416
2.494000
2.850000
2.931791
11.031334
2.493542
2.778333
3.242083
3.073167
2.785417
2.667375
2.680417
3.136292
2.776792
3.942167
3.160833
2.498459
3.292667
3.047416
3.263041
2.667167
3.212917
2.608959
3.969292
2.853458
3.447416
2.499375
2.629541
3.494250
3.454042
3.086750
2.467792
11.752625
11.761625
3.063958
3.224125
3.638375
3.419375
3.653125
2.704125
3.915708
14.365542
2.470209
2.920750
3.602250
2.715416
3.024458
3.053500
3.455666
2.968208
3.459000
4.331875
2.602916
2.860291
3.560208
15.038917
2.632291
3.436750
2.876041
2.663250
2.973250
2.837125
3.936000
3.446708
2.804250
15.835542
3.165958
3.042417
13.058958
2.871750
3.268667
3.171458
2.735250
3.805000
12.880209
6.582292
2.830250
2.588792
3.154875
4.047000
2.690833
2.980500
2.717958
15.028750
2.558375
2.495708
3.100083
2.622042
3.058958
14.387542
2.487833
2.776875
7.485542
10.243209
2.496542
3.407416
2.824667
3.238708
3.202709
3.654875
3.372167
2.828709
3.014542
3.197792
3.403458
2.953708
3.927000
3.179833
16.099459
2.415250
3.381834
3.143791
3.002708
3.182750
3.195625
3.587792
2.710125
3.358292
3.349750
2.959750
2.858084
3.380500
3.600833
3.210541
3.348917
13.003958
2.415792
3.368250
3.558833
2.829667
2.922666
15.813958
2.420083
2.405709
9.195084
2.403375
2.795291
4.178417
4.534041
2.699333
2.799958
3.116875
3.370709
3.192000
2.961458
9.620791
3.852375
2.466958
2.660250
9.749708
2.422500
2.351042
3.092583
2.941959
3.098000
3.350042
3.306375
4.128000
2.456417
2.629583
3.090583
3.306334
3.153500
3.022583
2.883416
3.290583
2.991875
13.089667
3.575416
3.780542
2.846833
3.848500
6.971250
3.230250
3.646750
16.639542
14.135833
3.934542
3.575917
14.147416
3.505791
11.778417
3.512625
3.457125
2.837708
10.035959
3.412292
15.666291
9.740500
3.585209
2.902042
2.987625
2.977834
3.505917
3.144292
3.757292
6.818291
21.132709
3.160458
2.819666
4.241166
3.985833
3.729333
9.872084
9.481500
3.075750
3.459750
3.447875
2.809667
3.013750
3.721667
3.257584
3.658792
15.298125
3.218625
2.932334
9.160917
16.500958
3.131958
2.701250
3.631625
2.838625
11.305167
12.329375
2.607375
2.989208
3.617250
2.978333
14.936292
18.860417
10.146875
2.966167
3.594250
2.737666
12.851917
2.643458
6.592333
9.064917
9.922416
3.332000
3.580792
2.778125
3.290625
3.054125
6.535292
9.942208
13.176500
2.946958
2.858667
2.573334
3.173125
3.337042
11.225083
3.171625
12.782500
2.537583
3.144417
2.951291
8.423042
2.801500
2.621166
2.619625
9.596458
2.541500
3.466417
3.062625
2.779375
2.711167
3.456792
3.133625
2.874042
10.307333
12.470166
3.005083
16.672500
2.569166
3.256958
2.972375
2.485709
11.685417
2.668250
8.893708
6.435000
2.876292
2.920083
14.501125
2.615917
14.340000
2.581667
3.409417
3.808125
2.963708
2.919209
3.318250
2.810666
3.008125
3.410209
2.717125
2.773041
2.978500
2.489250
3.291875
2.965292
3.131916
2.433458
2.666584
2.557958
2.800000
3.186750
3.459042
4.542625
3.761542
3.350042
2.958250
2.609916
2.822292
3.909625
2.726750
3.654209
2.922625
2.857375
3.599334
2.826708
3.063750
3.366500
2.751917
3.132542
3.537000
2.669083
3.654750
14.484333
2.674333
3.698458
2.856875
2.588959
3.188666
3.501416
3.430834
3.320583
2.867083
3.431750
12.937791
2.628500
3.391375
2.647958
3.643125
2.906750
3.048000
