0.019598
0.014751
0.015444
0.026895
0.016820
0.015564
0.014309
0.019482
0.014460
0.014017
0.018917
0.012719
0.016312
0.015734
0.015540
0.016983
0.011502
0.015990
0.016136
0.015232
0.016890
0.015497
0.015804
0.016797
0.018144
0.015772
0.016874
0.014486
0.015260
0.015742
0.017377
0.014867
0.016773
0.019440
0.011705
0.016129
0.015511
0.017631
0.014807
0.018570
0.015336
0.015379
0.020278
0.013201
0.013515
0.017874
0.015677
0.015813
0.015910
0.016108
0.016357
0.016274
0.016445
0.016088
0.019564
0.012684
0.015794
0.018175
0.014564
0.015944
0.015251
0.015158
0.017726
0.015683
0.015906
0.016043
0.019154
0.013676
0.014610
0.020819
0.013422
0.014931
0.019666
0.012716
0.016106
0.017899
0.013356
0.017561
0.015516
0.016204
0.016289
0.016641
0.015628
0.015587
0.025098
0.015312
0.020123
0.017236
0.015757
0.012949
0.016670
0.014313
0.018250
0.015028
0.016009
0.015928
0.015700
0.015215
0.015741
0.018226
0.013973
0.017310
0.015803
0.014782
0.016244
0.016690
0.015639
0.017194
0.015925
0.015318
0.017565
0.016294
0.014365
0.015796
0.016604
0.015030
0.017274
0.016311
0.014875
0.016905
0.015615
0.017275
0.016123
0.015513
0.015153
0.016715
0.017463
0.014426
0.015156
0.018227
0.014500
0.016193
0.017932
0.014096
0.016976
0.017223
0.013552
0.018106
0.015003
0.014949
0.016407
0.016916
0.014551
0.017168
0.015386
0.014512
0.017803
0.017355
0.014138
0.015550
0.017013
0.015003
0.017213
0.015896
0.016747
0.015043
0.016916
0.013717
0.017187
0.016594
0.014975
0.017015
0.015389
0.016285
0.015731
0.016639
0.016037
0.016615
0.015696
0.015613
0.016173
0.016514
0.015501
0.016273
0.016020
0.016317
0.016009
0.016709
0.015076
0.017442
0.014551
0.015201
0.017203
0.015616
0.015719
0.016718
0.016259
0.015389
0.017929
0.015195
0.016104
0.017123
0.013927
0.015919
0.016192
0.016239
0.016361
0.015718
0.016017
0.016495
0.016203
0.015713
0.015860
0.016096
0.015812
0.015684
0.015864
0.017262
0.018060
0.015633
0.014925
0.014974
0.016805
0.015344
0.017088
0.014352
0.017470
0.015458
0.015568
0.015580
0.016933
0.015171
0.016922
0.016002
0.015377
0.016082
0.015371
0.017242
0.015093
0.016449
0.016586
0.015889
0.016224
0.016589
0.014706
0.017041
0.015184
0.016734
0.015845
0.016671
0.016767
0.015224
0.016035
0.015618
0.015952
0.016244
0.016419
0.015554
0.016761
0.015136
0.016056
0.018305
0.014938
0.014817
0.017809
0.015185
0.016090
0.014905
0.016938
0.015491
0.016272
0.014908
0.015569
0.016272
0.016682
0.015780
0.017040
0.015359
0.016761
0.014617
0.016637
0.016070
0.015888
0.016022
0.017218
0.014965
0.016411
0.016375
0.015757
0.016659
0.016488
0.016302
0.014752
0.016426
0.017227
0.014365
0.025478
0.028858
0.017250
0.016390
0.014980
0.013475
0.014561
0.014988
0.016600
0.015505
0.015803
0.016806
0.015821
0.017930
0.015361
0.016197
0.016057
0.015812
0.015453
0.016382
0.016599
0.015915
0.016283
0.015945
0.017490
0.015714
0.014941
0.016362
0.015898
0.016274
0.015749
0.016650
0.015777
0.015942
0.016425
0.015601
0.016563
0.015773
0.015962
0.016636
0.015194
0.016671
0.017157
0.015277
0.015135
0.016446
0.016946
0.017709
0.014765
0.014436
0.017002
0.015165
0.016369
0.016248
0.016528
0.015844
0.016431
0.016572
0.015845
0.016056
0.018465
0.015111
0.015010
0.016489
0.015746
0.015335
0.016433
0.016870
0.015386
0.016543
0.016440
0.015930
0.015606
0.017067
0.014675
0.017947
0.015194
0.016338
0.016346
0.016754
0.014974
0.019611
0.014537
0.014695
0.016182
0.016087
0.015469
0.016981
0.015654
0.015687
0.016282
0.016624
0.016100
0.016610
0.016773
0.015422
0.019588
0.015681
0.015710
0.016137
0.017616
0.015242
0.018629
0.030692
0.017846
0.028058
0.015157
0.015726
0.016434
0.016236
0.015900
0.017809
0.014972
0.015686
0.016678
0.016428
0.016456
0.015993
0.015954
0.016646
0.015454
0.016677
0.015916
0.018999
0.017378
0.015194
0.013601
0.015521
0.015968
0.016313
0.016129
0.015872
0.016384
0.016779
0.019575
0.019082
0.031109
0.019408
0.029655
0.032753
0.031409
0.019191
0.029466
0.020382
0.027404
0.018673
0.031448
0.023383
0.025267
0.018841
0.028968
0.019363
0.031013
0.019327
0.028311
0.019966
0.029016
0.019565
0.029415
0.020110
0.030031
0.031297
0.020641
0.029115
0.018268
0.029953
0.019067
0.029863
0.019854
0.028700
0.018261
0.031826
0.032271
0.032155
0.019566
0.029558
0.032322
0.019040
0.028949
0.019570
0.027899
0.017953
0.018387
0.029693
0.019559
0.028381
0.019397
0.029469
0.018743
0.029724
0.018405
0.029072
0.019967
0.028677
0.018616
0.018822
0.028449
0.017824
0.030540
0.019014
0.030685
0.015528
0.019164
0.030269
0.018794
0.028069
0.019402
0.028616
0.017128
0.019252
0.029708
0.019135
0.029473
0.018685
0.029686
0.020835
0.028985
0.018770
0.027755
0.019313
0.030167
0.018918
0.029172
0.017894
0.017155
0.031464
0.019776
0.027761
0.016833
0.019912
0.029007
0.018704
0.030549
0.031576
0.019754
0.027805
0.018273
0.030689
0.018864
0.029548
0.017181
0.017750
0.031604
0.030129
0.017857
0.019325
0.027872
0.019397
0.029809
0.017537
0.017771
0.028721
0.018251
0.030606
0.017297
0.019976
0.028687
0.018402
0.030125
0.018012
0.030544
0.016935
0.020190
0.027322
0.017905
0.032055
0.031642
0.019758
0.029868
0.030845
0.020036
0.028741
0.019391
0.028934
0.019241
0.030247
0.016474
0.018845
0.029974
0.020935
0.025825
0.013695
0.019455
0.015970
0.019394
0.028103
0.037489
0.029669
0.014427
0.018292
0.016359
0.033726
0.030577
0.017174
0.028500
0.019952
0.031780
0.030234
0.017772
0.016345
0.030660
0.017745
0.017861
0.029751
0.017113
0.032303
0.031282
0.016629
0.016404
0.016309
0.015056
0.019188
0.031379
0.030343
0.018061
0.030662
0.019670
0.028985
0.016318
0.019302
0.029936
0.017891
0.027550
0.019233
0.022073
0.025713
0.018373
0.027158
0.020147
0.028422
0.016627
0.013683
0.020954
0.028144
0.019792
0.017305
0.029617
0.015070
0.018037
0.016839
0.016536
0.031792
0.016467
0.017749
0.030281
0.019972
0.029879
0.029757
0.016870
0.018510
0.030262
0.017349
0.018232
0.029528
0.019256
0.028947
0.016795
0.019005
0.027297
0.019675
0.030725
0.019546
0.029108
0.018195
0.029979
0.019281
0.029790
0.017877
0.031893
0.018270
0.029469
0.017700
0.031753
0.017057
0.031012
0.018189
0.030167
0.019229
0.029324
0.017312
0.018130
0.030172
0.031599
0.017476
0.029589
0.018435
0.031183
0.017151
0.031412
0.019052
0.030688
0.018425
0.030165
0.019069
0.029983
0.031724
0.020529
0.027875
0.018580
0.029022
0.019433
0.030170
0.017571
0.031928
0.019065
0.029936
0.019063
0.029089
0.017599
0.031433
0.029787
0.018283
0.019342
0.030081
0.018629
0.029667
0.018933
0.029030
0.018562
0.030513
0.018752
0.029739
0.019445
0.028189
0.017901
0.031906
0.019012
0.027817
0.018404
0.030410
0.019623
0.030287
0.018762
0.029740
0.018514
0.029166
0.017236
0.026072
0.017498
0.030852
0.018457
0.031124
0.018663
0.029987
0.017107
0.031325
0.018308
0.030117
0.019932
0.029021
0.017320
0.031801
0.017362
0.030016
0.018172
0.032249
0.032649
0.030589
0.017814
0.018777
0.027976
0.017901
0.030949
0.019056
0.029175
0.018955
0.031941
0.031445
0.019658
0.029404
0.018078
0.030414
0.018632
0.029668
0.020260
0.027827
0.018679
0.029984
0.018165
0.032156
0.018643
0.029782
0.017465
0.031214
0.016706
0.030089
0.016801
0.018340
0.030369
0.017213
0.031560
0.019265
0.029221
0.018904
0.029805
0.017342
0.019356
0.029056
0.017761
0.030317
0.018872
0.029108
0.018341
0.030314
0.017847
0.030751
0.015767
0.014586
0.017436
0.016675
0.016729
0.015067
0.031263
0.016730
0.015749
0.014960
0.016523
0.014140
0.019304
0.015301
0.015412
0.019123
0.027205
0.018915
0.044409
0.019559
0.017783
0.027966
0.019226
0.031669
0.030118
0.018907
0.031046
0.014590
0.015601
0.032084
0.015973
0.016137
0.016915
0.014682
0.020580
0.033664
0.025951
0.021441
0.018758
0.027017
0.031286
0.021951
0.030338
0.018185
0.030512
0.015732
0.019272
0.029821
0.014022
0.018058
0.014654
0.031079
0.018099
0.018523
0.027471
0.020198
0.013182
0.019068
0.014554
0.018825
0.029697
0.015535
0.015220
0.014369
0.015410
0.020732
0.032069
0.016782
0.031000
0.019860
0.026698
0.018136
0.016423
0.016637
0.017718
0.029909
0.016909
0.014403
0.014195
0.016612
0.016297
0.016324
0.016172
0.019006
0.014866
0.017530
0.030168
0.018263
0.028002
0.019722
0.028576
0.018177
0.016669
0.018175
0.030549
0.034593
0.031435
0.031033
0.018309
0.031618
0.018180
0.030055
0.018673
0.029428
0.018232
0.028976
0.018652
0.018025
0.028425
0.017574
0.016360
0.017666
0.031124
0.018066
0.030322
0.019010
0.029031
0.018573
0.029064
0.018713
0.030557
0.017743
0.018367
0.027582
0.017129
0.016818
0.018698
0.030762
0.016589
0.031460
0.019029
0.029888
0.018982
0.030229
0.018767
0.028015
0.017625
0.018047
0.029205
0.017905
0.018724
0.029547
0.018700
0.030095
0.018748
0.026969
0.019169
0.019405
0.028489
0.019207
0.029552
0.018598
0.027954
0.018939
0.018677
0.029033
0.019618
0.028774
0.015392
0.018622
0.031100
0.019388
0.029443
0.018258
0.030441
0.019397
0.028416
0.020187
0.029903
0.017914
0.029435
0.019489
0.029838
0.018028
0.031952
0.016459
0.020145
0.029318
0.030109
0.017452
0.018525
0.030397
0.018445
0.031484
0.031943
0.018738
0.029649
0.017093
0.031547
0.017432
0.030200
0.018922
0.027444
0.020688
0.027977
0.019764
0.015241
0.019012
0.029163
0.017521
0.017762
0.032390
0.028749
0.017662
0.017752
0.015867
0.016452
0.030800
0.013904
0.019758
0.015333
0.016476
0.018124
0.027628
0.018846
0.018488
0.030228
0.015837
0.015380
0.017789
0.029749
0.018208
0.018284
0.027679
0.016893
0.016186
0.018323
0.029460
0.017137
0.017289
0.017768
0.027654
0.018624
0.018338
0.029550
0.018562
0.018463
0.029511
0.016081
0.014928
0.021186
0.026975
0.018938
0.029481
0.018785
0.018066
0.027874
0.016290
0.018193
0.019185
0.025901
0.020012
0.013394
0.018111
0.016534
0.016627
0.032011
0.018118
0.030940
0.015021
0.015719
0.017472
0.014859
0.014179
0.015673
0.015675
0.016866
0.016324
0.015497
0.016846
0.018216
0.017070
0.030623
0.016604
0.018549
0.028998
0.016807
0.017275
0.015165
0.014257
0.019983
0.029739
0.016818
0.014581
0.018770
0.019271
0.028098
0.018581
0.028011
0.016984
0.015167
0.017060
0.019258
0.016430
0.031102
0.018264
0.030878
0.016426
0.016887
0.016070
0.017284
0.030904
0.018906
0.029439
0.015804
0.014079
0.018958
0.015213
0.018310
0.029707
0.016776
0.016350
0.016858
0.031459
0.014801
0.016319
0.018261
0.029249
0.017366
0.016651
0.015614
0.016495
0.015731
0.014263
0.017593
0.017113
0.017681
0.029727
0.018073
0.027308
0.019485
0.018202
0.030346
0.018777
0.029305
0.017828
0.017995
0.029441
0.015416
0.017787
0.017818
0.029224
0.017195
0.015594
0.016831
0.017720
0.027194
0.019981
0.016504
0.017339
0.030021
0.016868
0.017944
0.030288
0.017545
0.016530
0.029891
0.015964
0.015580
0.016940
0.014409
0.016760
0.016362
0.017474
0.016461
0.016658
0.015854
0.017218
0.031493
0.018915
0.027866
0.017544
0.015981
0.016472
0.016707
0.017279
0.028351
0.018584
0.018373
0.028705
0.016366
0.017260
0.018941
0.029544
0.016227
0.017493
0.031667
0.017417
0.031680
0.018355
0.029879
0.015960
0.017625
0.033175
0.029823
0.019416
0.026760
0.019816
0.017339
0.013492
0.016915
0.027337
0.017583
0.025055
0.017135
0.020886
0.015226
0.012130
0.016008
0.018478
0.014120
0.016290
0.015391
0.019545
0.013347
0.016338
0.015737
0.015913
0.016513
0.016516
0.017447
0.014388
0.015881
0.014733
0.017112
0.017090
0.014659
0.016870
0.016024
0.016142
0.023275
0.017621
0.027994
0.015355
0.013965
0.016225
0.015303
0.016481
0.015848
0.017334
0.014785
0.017573
0.015475
0.016143
0.015989
0.016138
0.017360
0.014938
0.016769
0.016979
0.014631
0.016967
0.016715
0.014962
0.017956
0.015672
0.016933
0.015045
0.016036
0.016191
0.017583
0.014862
0.016130
0.016506
0.017309
0.015031
0.016417
0.015883
0.017764
0.014604
0.016504
0.017071
0.015634
0.016052
0.017527
0.014304
0.024233
0.029420
0.015204
0.016089
0.014990
0.014605
0.015959
0.015174
0.017957
0.015070
0.016518
0.017029
0.015467
0.016192
0.016860
0.015864
0.017074
0.015787
0.017314
0.017360
0.013086
0.015986
0.016873
0.016157
0.016548
0.015284
0.017230
0.015257
0.016387
0.016819
0.015744
0.015958
0.015576
0.017946
0.015181
0.015899
0.023943
0.017709
0.024889
0.016359
0.015617
0.013722
0.015044
0.016310
0.015723
0.016715
0.016071
0.016312
0.016032
0.017554
0.014575
0.016247
0.015869
0.017288
0.015035
0.016709
0.016206
0.016085
0.016325
0.015648
0.016035
0.016726
0.015779
0.016155
0.017704
0.015238
0.015825
0.016211
0.015812
0.015939
0.016777
0.016585
0.015662
0.017003
0.015560
0.016284
0.015467
0.015959
0.016738
0.016101
0.016465
0.016184
0.016079
0.017168
0.015117
0.015851
0.017079
0.015685
0.023202
0.018095
0.027146
0.015382
0.014615
0.015284
0.015477
0.016024
0.016255
0.016293
0.015981
0.016683
0.015720
0.016233
0.016102
0.017586
0.014893
0.016098
0.016037
0.016822
0.015614
0.016059
0.016627
0.016079
0.015912
0.016600
0.017344
0.014179
0.017757
0.015113
0.018401
0.013526
0.023979
0.030111
0.015226
0.016184
0.014649
0.014485
0.015816
0.016000
0.016081
0.017618
0.014355
0.016825
0.016112
0.016427
0.015555
0.016565
0.015489
0.017149
0.016314
0.015880
0.016164
0.016235
0.016193
0.016154
0.016309
0.016117
0.016209
0.016257
0.016289
0.016178
0.016106
0.015910
0.016746
0.016117
0.015766
0.017163
0.015633
0.015802
0.016518
0.016149
0.016012
0.016621
0.016272
0.016449
0.015460
0.016593
0.023097
0.018014
0.026975
0.015076
0.015033
0.015719
0.015690
0.018572
0.013048
0.017400
0.016572
0.014445
0.016287
0.016185
0.016449
0.016319
0.016359
0.015883
0.015579
0.017667
0.014557
0.015522
0.016636
0.016242
0.015436
0.017488
0.015305
0.016376
0.016715
0.015425
0.016238
0.016068
0.015851
0.017372
0.014935
0.016721
0.016772
0.016864
0.014088
0.016715
0.016558
0.016000
0.015637
0.018076
0.014285
0.017086
0.014927
0.016774
0.016103
0.015614
0.016576
0.016021
0.016138
0.016255
0.016473
0.016301
0.016993
0.014591
0.016931
0.016938
0.015202
0.016755
0.015546
0.016166
0.016582
0.015614
0.017507
0.015043
0.016306
0.016113
0.016007
0.016779
0.016944
0.015833
0.015520
0.016064
0.017566
0.015018
0.016022
0.016101
0.017258
0.015124
0.017299
0.015018
0.017312
0.015558
0.016418
0.015389
0.016573
0.016138
0.016237
0.017050
0.014821
0.017000
0.016030
0.015904
0.016510
0.016118
0.015617
0.017609
0.016640
0.015423
0.015604
0.016442
0.015798
0.016737
0.016193
0.016262
0.016193
0.016069
0.016117
0.016579
0.015342
0.017270
0.015872
0.017136
0.015008
0.016168
0.015854
0.017856
0.014633
0.016904
0.016868
0.014609
0.016930
0.023927
0.029213
0.016045
0.014227
0.015861
0.014881
0.015472
0.016715
0.014779
0.016569
0.016204
0.016052
0.017523
0.014675
0.016063
0.016722
0.016302
0.015519
0.017864
0.015265
0.017622
0.014445
0.016197
0.016045
0.016791
0.015765
0.017360
0.014413
0.017646
0.014644
0.016833
0.016175
0.016932
0.015243
0.017025
0.015183
0.017338
0.015003
0.017866
0.014298
0.017015
0.014870
0.016713
0.016625
0.015331
0.017292
0.016459
0.022605
0.029922
0.015652
0.015702
0.015609
0.013536
0.015266
0.017566
0.013138
0.018212
0.016231
0.015175
0.016974
0.016201
0.014841
0.016095
0.015900
0.016795
0.017060
0.015799
0.015348
0.016072
0.016744
0.022648
0.018489
0.027176
0.014677
0.015619
0.014521
0.015854
0.016808
0.015279
0.016849
0.015717
0.015415
0.016874
0.016964
0.022730
0.029458
0.015080
0.015824
0.014962
0.014603
0.016145
0.015866
0.016580
0.016217
0.016786
0.014766
0.018029
0.015418
0.014696
0.016788
0.017498
0.014558
0.017150
0.016634
0.014877
0.015912
0.016436
0.016724
0.016780
0.014668
0.016626
0.015702
0.016864
0.015435
0.016629
0.016224
0.016305
0.015052
0.017266
0.016636
0.014636
0.016144
0.016776
0.015858
0.015836
0.017854
0.014819
0.017364
0.014930
0.016098
0.016498
0.015828
0.016013
0.016709
0.016060
0.017367
0.014868
0.016326
0.015998
0.017167
0.014841
0.017545
0.015328
0.016042
0.016623
0.015794
0.015948
0.016650
0.016622
0.015312
0.017097
0.015205
0.016141
0.016091
0.016773
0.016907
0.014902
0.016187
0.016153
0.017035
0.016940
0.013516
0.017710
0.014645
0.018050
0.014855
0.017495
0.014933
0.016202
0.016074
0.016287
0.015552
0.017178
0.015653
0.017394
0.015310
0.015807
0.017656
0.014570
0.015623
0.016838
0.016647
0.016494
0.014561
0.016999
0.017116
0.016923
0.014317
0.016332
0.015942
0.016196
0.016120
0.017463
0.014526
0.016540
0.015829
0.016616
0.016384
0.016595
0.014535
0.016914
0.015961
0.017093
0.015036
0.016651
0.015840
0.017114
0.014971
0.016165
0.016624
0.015918
0.016748
0.015739
0.016303
0.016105
0.015862
0.016089
0.016298
0.016805
0.016312
0.014964
0.017929
0.014875
0.017140
0.014995
0.017445
0.014998
0.017158
0.014533
0.017675
0.015121
0.016159
0.016160
0.017520
0.014370
0.017847
0.014897
0.017125
0.015800
0.015529
0.016955
0.015481
0.016096
0.016326
0.017589
0.014595
0.016125
0.016052
0.016881
0.016569
0.015917
0.015409
0.016313
0.016918
0.015103
0.016090
0.016376
0.016765
0.015266
0.016574
0.016090
0.016918
0.015362
0.016218
0.016673
0.015367
0.016983
0.015262
0.016669
0.016163
0.017221
0.014978
0.016503
0.016455
0.015923
0.015814
0.016164
0.016234
0.025155
0.029870
0.015349
0.014295
0.015460
0.014556
0.015784
0.015587
0.015878
0.016540
0.016544
0.015405
0.016777
0.030860
0.018138
0.016151
0.016612
0.015567
0.017329
0.015546
0.029709
0.020821
0.014657
0.016402
0.015366
0.016826
0.015578
0.017788
0.015027
0.016874
0.015181
0.016905
0.015691
0.017498
0.015436
0.031528
0.020089
0.015492
0.013007
0.017872
0.014791
0.016487
0.016562
0.016278
0.015555
0.016685
0.017050
0.028767
0.020361
0.015467
0.015122
0.017305
0.015176
0.016422
0.015936
0.016812
0.015428
0.016134
0.016318
0.025147
0.030136
0.016894
0.014450
0.013625
0.014775
0.014830
0.015541
0.016360
0.017235
0.015337
0.016001
0.016656
0.015640
0.016207
0.016702
0.014997
0.017994
0.015002
0.017034
0.015656
0.016394
0.014656
0.019402
0.013340
0.016838
0.017036
0.014825
0.016566
0.017515
0.015312
0.015504
0.016496
0.016214
0.016613
0.015659
0.017036
0.015456
0.016884
0.015413
0.015992
0.016818
0.015748
0.016636
0.015987
0.017381
0.014389
0.017229
0.015483
0.016479
0.016291
0.017125
0.015006
0.015914
0.016264
0.017590
0.015683
0.015756
0.016929
0.016496
0.014926
0.023262
0.029212
0.015160
0.015554
0.015165
0.015474
0.015415
0.016072
0.016403
0.015860
0.016438
0.016582
0.016594
0.014617
0.017051
0.015268
0.017656
0.015296
0.016578
0.017137
0.014900
0.017549
0.014784
0.016995
0.016018
0.015822
0.016180
0.016936
0.015467
0.015818
0.018089
0.013929
0.017308
0.015452
0.016301
0.016808
0.015398
0.016113
0.016303
0.016079
0.017578
0.014353
0.016860
0.016955
0.015283
0.016415
0.017089
0.014923
0.015915
0.016785
0.016337
0.016943
0.015139
0.016529
0.016010
0.017055
0.015566
0.016406
0.015809
0.017242
0.014732
0.016808
0.015320
0.017843
0.014623
0.017690
0.014981
0.017508
0.014971
0.016040
0.016428
0.016411
0.015944
0.016816
0.015394
0.018907
0.014867
0.014837
0.016618
0.016744
0.015079
0.017538
0.015619
0.015673
0.015263
0.017181
0.016069
0.017354
0.014681
0.016228
0.017554
0.015085
0.017400
0.014751
0.016849
0.015854
0.016198
0.016058
0.016599
0.016912
0.014803
0.016404
0.017130
0.014635
0.017937
0.014974
0.017978
0.014746
0.017139
0.014922
0.017440
0.014633
0.018076
0.016038
0.016199
0.015467
0.015770
0.016026
0.017396
0.014626
0.017718
0.014856
0.017798
0.015028
0.017095
0.015084
0.017569
0.014876
0.016818
0.017183
0.014740
0.017204
0.015857
0.015475
0.017096
0.015194
0.016803
0.017198
0.015209
0.016354
0.015977
0.016295
0.016748
0.016119
0.016467
0.015010
0.017350
0.014894
0.016365
0.016299
0.016363
0.017692
0.014749
0.016008
0.017491
0.014419
0.017808
0.014905
0.015869
0.017374
0.015557
0.017392
0.014900
0.016047
0.016011
0.016568
0.015868
0.016536
0.017157
0.014977
0.016853
0.016837
0.016447
0.014904
0.015873
0.017965
0.014854
0.016758
0.015472
0.016235
0.016301
0.017446
0.014602
0.015864
0.018157
0.014825
0.017365
0.014964
0.016133
0.017008
0.015628
0.016190
0.017392
0.014749
0.016149
0.017678
0.014505
0.015836
0.017816
0.015116
0.017446
0.014808
0.015961
0.017222
0.015413
0.015558
0.018035
0.014906
0.015991
0.016559
0.016010
0.016892
0.017379
0.014077
0.017819
0.014878
0.016287
0.016043
0.016080
0.016196
0.016608
0.015854
0.016486
0.016213
0.017341
0.015046
0.016105
0.015963
0.017162
0.015211
0.017046
0.016018
0.017296
0.014761
0.020486
0.015976
0.016065
0.016437
0.015404
0.015450
0.015892
0.014189
0.017504
0.013580
0.015484
0.024157
0.030685
0.015213
0.018436
0.013893
0.013484
0.015085
0.015671
0.015915
0.016697
0.015669
0.015771
0.016963
0.015593
0.022453
0.020365
0.025976
0.015378
0.014571
0.015425
0.015820
0.016032
0.016209
0.016266
0.016426
0.016344
0.015693
0.016587
0.015677
0.016312
0.016771
0.015918
0.016513
0.015687
0.016273
0.016467
0.015732
0.015995
0.016981
0.015201
0.016625
0.017192
0.015438
0.016302
0.017000
0.015367
0.015755
0.017502
0.016049
0.015111
0.017320
0.015552
0.015529
0.017260
0.015976
0.016255
0.016869
0.015454
0.017135
0.015511
0.015817
0.016351
0.016202
0.016579
0.016070
0.016349
0.016533
0.016576
0.014855
0.016813
0.015819
0.016563
0.016288
0.016249
0.016259
0.016298
0.015794
0.016548
0.016136
0.016371
0.015862
0.016746
0.015487
0.016777
0.015868
0.016931
0.015801
0.016762
0.014999
0.018105
0.014700
0.017030
0.015806
0.016523
0.015605
0.016527
0.015720
0.016888
0.016201
0.015588
0.016724
0.016192
0.017681
0.015021
0.016298
0.015531
0.016710
0.015554
0.017706
0.015602
0.016921
0.015225
0.016160
0.017295
0.016426
0.014503
0.018095
0.015044
0.017095
0.014625
0.017015
0.016150
0.016344
0.015929
0.016659
0.016274
0.016501
0.015938
0.016402
0.015601
0.016568
0.016008
0.016145
0.016530
0.016170
0.016241
0.016047
0.016184
0.016625
0.015917
0.016274
0.016319
0.015830
0.016669
0.016161
0.016646
0.015619
0.016568
0.016296
0.016834
0.015467
0.015464
0.017146
0.016014
0.015774
0.016780
0.016213
0.015994
0.016140
0.017423
0.015026
0.018227
0.013162
0.018857
0.014720
0.017355
0.014752
0.018131
0.014626
0.016512
0.015641
0.016842
0.016235
0.016315
0.015997
0.016180
0.017058
0.015218
0.016048
0.017003
0.015410
0.017832
0.014779
0.016328
0.016111
0.016680
0.015748
0.016652
0.016239
0.015884
0.016479
0.016205
0.016347
0.016190
0.015842
0.015800
0.018292
0.014479
0.017423
0.014935
0.016483
0.015977
0.016700
0.016699
0.015850
0.016699
0.015597
0.017742
0.014140
0.017127
0.015465
0.016897
0.016021
0.016058
0.015984
0.016613
0.016282
0.015784
0.016729
0.017094
0.015079
0.016559
0.016095
0.016673
0.018030
0.013801
0.016239
0.016677
0.015848
0.016018
0.016376
0.016205
0.016528
0.015805
0.016699
0.017487
0.014322
0.016614
0.016191
0.015997
0.017722
0.014995
0.016197
0.017086
0.015124
0.016372
0.016159
0.017562
0.015060
0.016244
0.016085
0.016363
0.017211
0.015074
0.016080
0.017228
0.014762
0.018475
0.014541
0.017205
0.014619
0.016976
0.016217
0.017580
0.014564
0.016870
0.015386
0.017101
0.015801
0.017043
0.016932
0.015507
0.015304
0.016367
0.016174
0.016602
0.015996
0.016096
0.016689
0.015699
0.016125
0.016729
0.015961
0.017175
0.015248
0.017252
0.015267
0.016306
0.017132
0.015260
0.016937
0.015073
0.016396
0.017004
0.016378
0.014047
0.018402
0.014919
0.017087
0.014733
0.016493
0.016625
0.017485
0.014668
0.016910
0.016495
0.015292
0.017442
0.015215
0.016022
0.016486
0.015990
0.016417
0.016448
0.018214
0.013787
0.016874
0.015981
0.017314
0.014758
0.017031
0.015065
0.017326
0.015052
0.016047
0.016573
0.017624
0.014886
0.016141
0.017119
0.015015
0.016438
0.016364
0.015884
0.016709
0.016582
0.016382
0.015116
0.017530
0.015092
0.016393
0.016895
0.016194
0.015696
0.016663
0.015992
0.016101
0.016541
0.015482
0.016743
0.015423
0.017407
0.015419
0.016599
0.016053
0.016320
0.016038
0.016581
0.015619
0.017754
0.014898
0.017701
0.015013
0.016159
0.016497
0.015894
0.016676
0.015866
0.016139
0.017082
0.015129
0.016602
0.016037
0.016450
0.015966
0.016338
0.016053
0.017044
0.015642
0.016136
0.016098
0.017207
0.015179
0.016352
0.016128
0.016784
0.015304
0.016838
0.015685
0.016801
0.015897
0.016433
0.016026
0.017917
0.017750
0.017288
0.015011
0.016093
0.016084
0.013947
0.016798
0.016749
0.017654
0.015636
0.012300
0.019499
0.015067
0.013611
0.015786
0.016394
0.016023
0.017272
0.015688
0.017103
0.016015
0.015217
0.016911
0.015955
0.015734
0.015827
0.017201
0.015716
0.016395
0.016091
0.016570
0.017010
0.016348
0.015147
0.016061
0.015634
0.015849
0.017051
0.016226
0.016372
0.016331
0.016322
0.015754
0.015509
0.015298
0.016068
0.017320
0.015040
0.016660
0.015924
0.015595
0.016969
0.016411
0.015947
0.015961
0.016143
0.015115
0.016540
0.015853
0.016362
0.016043
0.015787
0.016494
0.017660
0.015063
0.016110
0.016348
0.016874
0.015671
0.016198
0.016396
0.015971
0.014752
0.016597
0.015824
0.016668
0.016618
0.015716
0.015534
0.019157
0.014463
0.015658
0.016519
0.016414
0.015145
0.017376
0.015630
0.015695
0.015672
0.016543
0.015370
0.016747
0.030046
0.024190
0.010506
0.017531
0.015439
0.016377
0.016136
0.016749
0.016339
0.015910
0.016117
0.015440
0.016438
0.016265
0.016323
0.030855
0.018353
0.016223
0.018780
0.014205
0.015942
0.016952
0.015300
0.016715
0.015288
0.021695
0.015897
0.016675
0.014959
0.015335
0.014673
0.014587
0.014949
0.016279
0.016244
0.015942
0.017652
0.015734
0.016190
0.016633
0.015382
0.015156
0.018513
0.013998
0.016749
0.015623
0.016927
0.015429
0.016319
0.015707
0.016409
0.016275
0.016104
0.016381
0.016906
0.015542
0.024682
0.028892
0.015804
0.015426
0.014993
0.016176
0.014976
0.015097
0.016008
0.016122
0.016867
0.015489
0.015686
0.017044
0.030011
0.020307
0.015111
0.016179
0.016405
0.016225
0.016517
0.016062
0.014966
0.016062
0.016223
0.016352
0.015926
0.016767
0.029806
0.020262
0.015175
0.015835
0.016710
0.016013
0.016050
0.016375
0.015487
0.016150
0.016686
0.015429
0.016598
0.015827
0.016158
0.017132
0.014898
0.017273
0.018597
0.014828
0.015089
0.017718
0.015828
0.015039
0.016098
0.015221
0.015444
0.018601
0.013341
0.018547
0.015869
0.019385
0.015025
0.017872
0.013472
0.014494
0.016762
0.015243
0.023500
0.028816
0.016300
0.020228
0.027022
0.016021
0.013991
0.016692
0.016355
0.015731
0.015848
0.017035
0.015544
0.016568
0.016857
0.015203
0.023250
0.019253
0.026490
0.016016
0.014529
0.015041
0.017873
0.013456
0.016928
0.016253
0.015802
0.016055
0.017687
0.015498
0.015861
0.017163
0.014772
0.015650
0.017127
0.015408
0.030657
0.017981
0.017212
0.016047
0.015852
0.016111
0.017160
0.015641
0.015461
0.016378
0.016153
0.016418
0.015447
0.016152
0.016936
0.015638
0.016485
0.015906
0.016324
0.016770
0.015969
0.016011
0.016859
0.016245
0.015505
0.015749
0.017071
0.015243
0.016088
0.017187
0.014734
0.017096
0.016347
0.015834
0.016380
0.016314
0.016353
0.016448
0.015841
0.015730
0.016035
0.016720
0.015904
0.016055
0.015698
0.016550
0.016486
0.016205
0.017102
0.015457
0.016192
0.015757
0.017148
0.015627
0.016917
0.015407
0.016036
0.016372
0.015424
0.016536
0.016437
0.016707
0.016089
0.015461
0.016283
0.016728
0.016351
0.016083
0.015161
0.016716
0.015318
0.025612
0.028545
0.015685
0.016619
0.014709
0.014205
0.014852
0.015649
0.016389
0.016619
0.015950
0.015986
0.016781
0.015627
0.016114
0.016572
0.017419
0.014552
0.016484
0.015806
0.016320
0.016715
0.016139
0.015964
0.016503
0.015490
0.017528
0.015494
0.016113
0.016603
0.015966
0.017241
0.015531
0.015591
0.016866
0.016134
0.016964
0.015225
0.016447
0.017689
0.014651
0.015861
0.016774
0.016004
0.016412
0.015949
0.016343
0.015885
0.017862
0.015063
0.016398
0.015721
0.016944
0.015492
0.017165
0.016295
0.015687
0.015513
0.016435
0.015905
0.016479
0.015998
0.016557
0.017172
0.015109
0.016381
0.016240
0.016053
0.016580
0.015948
0.016014
0.016467
0.015865
0.018159
0.014782
0.015755
0.016791
0.016032
0.016964
0.016851
0.014185
0.016455
0.017316
0.015465
0.017273
0.015335
0.016141
0.016488
0.015724
0.016688
0.016057
0.017041
0.015496
0.015873
0.017014
0.015550
0.016442
0.015974
0.016368
0.016186
0.016068
0.016375
0.016407
0.015735
0.016520
0.016032
0.017841
0.014519
0.016269
0.016244
0.016463
0.015280
0.018168
0.015287
0.016373
0.015947
0.015660
0.016587
0.016388
0.015704
0.017908
0.014792
0.016623
0.016101
0.016065
0.016255
0.016499
0.015712
0.017013
0.015561
0.016494
0.016050
0.017043
0.015459
0.016546
0.015524
0.017043
0.016347
0.015724
0.017477
0.014103
0.017032
0.016238
0.016400
0.015805
0.030789
0.019641
0.014977
0.016134
0.016758
0.015831
0.015858
0.017279
0.015883
0.015350
0.017171
0.015900
0.016288
0.016715
0.016038
0.015652
0.030193
0.020327
0.015522
0.015643
0.016128
0.016131
0.016064
0.018117
0.016064
0.014596
0.016305
0.015892
0.016030
0.016045
0.016429
0.017125
0.016096
0.016812
0.015470
0.016297
0.016388
0.015817
0.016082
0.016928
0.015469
0.016077
0.016530
0.015727
0.016296
0.017130
0.015615
0.016287
0.016157
0.015799
0.016509
0.016861
0.016309
0.016081
0.016602
0.016217
0.014851
0.016363
0.016225
0.016414
0.015527
0.016808
0.016634
0.016640
0.014745
0.016771
0.016480
0.016700
0.015307
0.017201
0.016281
0.015026
0.016993
0.015351
0.015680
0.016208
0.016167
0.017153
0.015511
0.015801
0.017392
0.015419
0.015685
0.016631
0.016733
0.015901
0.015795
0.024268
0.029510
0.015830
0.014946
0.015033
0.014729
0.015674
0.016405
0.015750
0.016134
0.016442
0.016081
0.016516
0.015844
0.016634
0.015949
0.016251
0.016405
0.015908
0.016392
0.015782
0.016641
0.016259
0.017408
0.014565
0.015727
0.017898
0.015542
0.017001
0.014621
0.016503
0.016061
0.016544
0.015613
0.018089
0.014955
0.016090
0.016520
0.016203
0.017062
0.015540
0.015988
0.016224
0.015898
0.016413
0.015898
0.025126
0.028375
0.015420
0.016236
0.014689
0.014084
0.015920
0.015807
0.016416
0.016589
0.015954
0.016082
0.016003
0.017419
0.015291
0.015950
0.016418
0.016623
0.016696
0.015337
0.016180
0.020026
0.012096
0.015866
0.017105
0.015519
0.016560
0.016193
0.016046
0.016305
0.016408
0.016004
0.016305
0.015639
0.018077
0.015052
0.017502
0.014314
0.016595
0.015783
0.017314
0.015505
0.016430
0.015992
0.016423
0.016184
0.017016
0.015366
0.016442
0.015547
0.016730
0.016030
0.016357
0.017318
0.015826
0.015282
0.016594
0.015867
0.016580
0.016148
0.017611
0.014897
0.016184
0.017397
0.014315
0.017439
0.015724
0.016090
0.016506
0.015723
0.016588
0.017736
0.014499
0.016423
0.016287
0.016924
0.015174
0.016117
0.016632
0.016060
0.015760
0.016726
0.016040
0.016440
0.017079
0.015081
0.016546
0.016497
0.015781
0.016143
0.016352
0.016211
0.016451
0.016024
0.017447
0.014869
0.015719
0.018107
0.015016
0.015999
0.016455
0.015936
0.016261
0.016437
0.015850
0.016329
0.016427
0.015780
0.016588
0.017172
0.016479
0.014462
0.016865
0.015999
0.017895
0.014483
0.015990
0.018645
0.013188
0.016551
0.016166
0.020541
0.015065
0.015944
0.014772
0.015283
0.015590
0.015628
0.018339
0.015375
0.015258
0.016402
0.016026
0.016722
0.015958
0.015477
0.016840
0.015942
0.016287
0.016488
0.016037
0.016115
0.017990
0.014093
0.016653
0.015909
0.016467
0.016156
0.016150
0.015792
0.016800
0.015821
0.016538
0.016002
0.016296
0.016464
0.017580
0.014309
0.017047
0.015681
0.016507
0.016091
0.016349
0.015971
0.016244
0.017000
0.015586
0.016283
0.016144
0.016017
0.016467
0.016083
0.016505
0.017785
0.014748
0.015892
0.016057
0.016370
0.015841
0.023713
0.017754
0.026832
0.016345
0.014045
0.015188
0.016847
0.015282
0.016006
0.019200
0.014296
0.016184
0.016146
0.015281
0.017009
0.019869
0.012666
0.017018
0.018969
0.013537
0.013996
0.020065
0.012479
0.016202
0.019869
0.013857
0.014403
0.021064
0.011745
0.016416
0.020507
0.012201
0.016849
0.017287
0.013803
0.016000
0.020338
0.012904
0.016151
0.019878
0.012416
0.015263
0.021046
0.013446
0.014579
0.019535
0.013293
0.015442
0.020979
0.013859
0.015188
0.017950
0.014016
0.015612
0.020068
0.012885
0.014666
0.019626
0.012654
0.016579
0.019930
0.011804
0.016813
0.019808
0.019987
0.033091
0.028111
0.018250
0.013094
0.015351
0.019354
0.012019
0.015480
0.020057
0.012371
0.016347
0.024180
0.028314
0.019583
0.012440
0.014110
0.018922
0.011945
0.016174
0.020017
0.020186
0.034487
0.026078
0.018844
0.012990
0.014338
0.019712
0.014358
0.013689
0.019917
0.015573
0.013865
0.019513
0.013370
0.015509
0.019179
0.012966
0.015938
0.017032
0.014240
0.016463
0.022548
0.017166
0.029358
0.013794
0.014584
0.015661
0.015922
0.016683
0.015553
0.016867
0.016090
0.016121
0.016498
0.016235
0.019015
0.013298
0.015853
0.016543
0.016163
0.016140
0.023000
0.018123
0.026687
0.015824
0.015556
0.015502
0.015160
0.015937
0.015676
0.023730
0.017981
0.026761
0.015150
0.015644
0.014936
0.015860
0.015988
0.015540
0.018033
0.015077
0.016980
0.015548
0.015997
0.016456
0.017291
0.014610
0.016999
0.016024
0.016056
0.015934
0.016411
0.017048
0.016982
0.014368
0.016372
0.016437
0.017044
0.014781
0.016729
0.017087
0.016096
0.016565
0.014756
0.016419
0.016543
0.015784
0.016123
0.023777
0.032656
0.028011
0.016766
0.013995
0.015983
0.016171
0.015354
0.016257
0.016201
0.015995
0.016306
0.016183
0.016222
0.016497
0.015419
0.017027
0.016038
0.016041
0.023634
0.030070
0.015229
0.015699
0.014976
0.014775
0.015550
0.015820
0.016477
0.017172
0.016046
0.016092
0.015902
0.016016
0.016564
0.016031
0.016034
0.015898
0.016506
0.016097
0.016462
0.016222
0.017300
0.014995
0.015976
0.016299
0.017776
0.014659
0.016371
0.016080
0.016477
0.016064
0.016236
0.016222
0.015415
0.017028
0.016250
0.016577
0.016131
0.016059
0.016080
0.016495
0.015384
0.017921
0.015006
0.016317
0.018918
0.013372
0.016638
0.016491
0.015797
0.016303
0.015927
0.016709
0.016078
0.016262
0.016068
0.016727
0.015597
0.016704
0.015895
0.016351
0.015978
0.016497
0.015781
0.026191
0.031557
0.029334
0.014549
0.016793
0.012560
0.016826
0.015360
0.016181
0.016002
0.015974
0.016463
0.017033
0.016456
0.016387
0.016853
0.014941
0.015020
0.024444
0.028762
0.015653
0.015807
0.014933
0.014748
0.016408
0.015535
0.016153
0.016145
0.016610
0.015386
0.017820
0.015855
0.015828
0.016065
0.016122
0.016209
0.017699
0.014692
0.017094
0.017214
0.013603
0.016987
0.016022
0.015980
0.016298
0.016315
0.016116
0.016769
0.015550
0.016456
0.017026
0.015432
0.016451
0.015789
0.016287
0.016112
0.016772
0.015820
0.016111
0.017139
0.017359
0.014281
0.016173
0.015927
0.016792
0.015942
0.016800
0.015488
0.015953
0.017979
0.015052
0.017491
0.015150
0.015780
0.016476
0.017425
0.014554
0.016617
0.016064
0.016527
0.017445
0.014694
0.016388
0.017245
0.016157
0.014972
0.016488
0.016430
0.015906
0.016341
0.016117
0.016296
0.015965
0.016600
0.016066
0.015978
0.016823
0.016063
0.017784
0.014261
0.016341
0.017994
0.014514
0.016314
0.016551
0.015746
0.017307
0.016291
0.016155
0.014784
0.016778
0.015637
0.016395
0.016607
0.017423
0.014927
0.016484
0.016120
0.016045
0.016554
0.016081
0.016772
0.016253
0.015388
0.016032
0.016400
0.016695
0.015959
0.016067
0.017350
0.014949
0.015877
0.018331
0.014377
0.016441
0.017049
0.014663
0.016367
0.017654
0.015493
0.016374
0.015887
0.016231
0.015869
0.016577
0.017399
0.015326
0.016327
0.015755
0.016162
0.016073
0.016371
0.016174
0.016923
0.016652
0.015384
0.016063
0.016019
0.016718
0.015852
0.017075
0.016484
0.014280
0.016663
0.016439
0.022822
0.018421
0.026399
0.015278
0.016616
0.013974
0.016032
0.015524
0.016351
0.015966
0.016070
0.016721
0.015653
0.017869
0.015482
0.016116
0.016979
0.014528
0.016187
0.016733
0.016718
0.015362
0.018167
0.014426
0.016640
0.016013
0.015891
0.016619
0.015812
0.016686
0.016008
0.016541
0.016096
0.016036
0.016229
0.016457
0.016104
0.016162
0.016041
0.016629
0.015699
0.016445
0.016967
0.015288
0.016186
0.016365
0.015947
0.017674
0.014719
0.016718
0.016865
0.014287
0.016949
0.016114
0.016380
0.016210
0.016668
0.016869
0.017001
0.013367
0.019182
0.017027
0.016984
0.016570
0.016891
0.012944
0.014628
0.015650
0.016327
0.016158
0.016146
0.015941
0.016357
0.016290
0.016260
0.015885
0.016680
0.016071
0.016119
0.016284
0.016426
0.016163
0.016546
0.015661
0.016240
0.016455
0.016042
0.016303
0.016020
0.017281
0.016191
0.014704
0.016609
0.016076
0.016612
0.015887
0.016519
0.018197
0.013740
0.016959
0.015778
0.016473
0.016308
0.017264
0.014626
0.016642
0.014855
0.018451
0.015387
0.016092
0.016529
0.016044
0.015915
0.017957
0.014205
0.016566
0.016376
0.016283
0.017326
0.015592
0.015273
0.016661
0.015528
0.016968
0.015983
0.017075
0.014307
0.017061
0.017241
0.016486
0.015636
0.015862
0.016017
0.016063
0.016543
0.017462
0.014179
0.017872
0.014754
0.016758
0.016419
0.015993
0.015686
0.016718
0.016180
0.016634
0.015849
0.016504
0.015975
0.016344
0.015769
0.016557
0.016370
0.016563
0.015780
0.016384
0.016072
0.016436
0.015981
0.016152
0.016450
0.015875
0.016388
0.016273
0.016224
0.016137
0.016058
0.017270
0.016417
0.014772
0.016691
0.016016
0.016450
0.015719
0.016806
0.017505
0.015433
0.016525
0.015274
0.016086
0.023943
0.029846
0.015818
0.015052
0.014918
0.014677
0.016902
0.014771
0.015879
0.016867
0.017437
0.015745
0.015861
0.015329
0.016561
0.016831
0.015481
0.016319
0.016027
0.015975
0.016673
0.016080
0.016004
0.016598
0.015581
0.024177
0.030424
0.015993
0.014750
0.015271
0.014071
0.015366
0.016398
0.015634
0.016388
0.017403
0.014943
0.016899
0.018021
0.021310
0.029787
0.015780
0.015251
0.015252
0.013971
0.016697
0.015879
0.015285
0.016987
0.016696
0.022642
0.029999
0.015195
0.015826
0.015219
0.013866
0.018162
0.015842
0.014193
0.019233
0.013185
0.016980
0.015469
0.015863
0.017645
0.014996
0.015933
0.017383
0.014683
0.018129
0.014898
0.016928
0.015823
0.015970
0.017177
0.014924
0.016338
0.015785
0.016696
0.015604
0.018167
0.014556
0.017421
0.014927
0.016184
0.015871
0.017800
0.014776
0.017756
0.015156
0.016918
0.014938
0.016609
0.015985
0.016677
0.015806
0.016443
0.016214
0.016079
0.016246
0.015979
0.017792
0.014628
0.017440
0.014862
0.016631
0.016028
0.016942
0.015372
0.017901
0.014401
0.016744
0.016278
0.017971
0.014460
0.015566
0.016344
0.017413
0.014398
0.017956
0.014900
0.016609
0.017086
0.015062
0.015735
0.017829
0.015179
0.017382
0.014945
0.016617
0.015871
0.016340
0.015722
0.017372
0.014690
0.017942
0.015416
0.015828
0.015999
0.016406
0.016053
0.016484
0.015630
0.018439
0.014269
0.017292
0.015378
0.017088
0.014796
0.018178
0.014429
0.016768
0.016396
0.016651
0.014975
0.016187
0.017083
0.015608
0.016220
0.016250
0.015995
0.017134
0.014723
0.017468
0.015126
0.016491
0.016323
0.017007
0.014940
0.016499
0.015956
0.016636
0.017280
0.014499
0.016591
0.017535
0.015194
0.015991
0.023008
0.017906
0.027135
0.015994
0.014649
0.015636
0.015249
0.015969
0.016122
0.016673
0.015839
0.018062
0.014628
0.017101
0.014937
0.016510
0.016025
0.017271
0.014821
0.016993
0.017475
0.014698
0.016002
0.016400
0.016062
0.016799
0.015512
0.016336
0.017935
0.014686
0.015624
0.016857
0.016677
0.015660
0.015984
0.016787
0.017400
0.014940
0.016331
0.015385
0.016454
0.015750
0.017672
0.014989
0.016381
0.016340
0.017014
0.015368
0.016378
0.015855
0.017341
0.014831
0.017313
0.015534
0.015937
0.016971
0.015633
0.016326
0.016709
0.015291
0.017455
0.014696
0.016733
0.016245
0.016048
0.017132
0.015582
0.017177
0.014894
0.016167
0.016445
0.016641
0.015719
0.016733
0.015674
0.016528
0.017024
0.015564
0.015524
0.017510
0.014356
0.018189
0.014928
0.017734
0.014673
0.016365
0.015902
0.017255
0.014984
0.017905
0.014887
0.017808
0.014363
0.018050
0.014604
0.016357
0.016066
0.016700
0.016400
0.015437
0.016422
0.015900
0.016263
0.016498
0.017500
0.014738
0.016091
0.017461
0.014674
0.016575
0.015843
0.016969
0.016531
0.015400
0.017298
0.015353
0.015821
0.016632
0.016195
0.015690
0.016507
0.016303
0.016014
0.017117
0.015677
0.015669
0.016119
0.015782
0.017816
0.014964
0.017455
0.014650
0.017814
0.014835
0.017928
0.014270
0.016989
0.016117
0.015728
0.017537
0.014944
0.016002
0.016354
0.016547
0.016174
0.017102
0.015056
0.016120
0.015842
0.018076
0.014484
0.016151
0.017546
0.014977
0.017551
0.015270
0.015763
0.016059
0.017289
0.014799
0.016831
0.016021
0.017002
0.015462
0.015988
0.016079
0.017501
0.015210
0.016903
0.015168
0.017682
0.014910
0.016303
0.015885
0.016691
0.016579
0.015444
0.016515
0.016751
0.015470
0.015840
0.017958
0.014320
0.017700
0.015064
0.016523
0.017939
0.014118
0.016381
0.017416
0.014352
0.017902
0.014965
0.017664
0.014856
0.015874
0.016525
0.016669
0.015465
0.016630
0.016944
0.014608
0.017114
0.016943
0.014740
0.017727
0.014658
0.016849
0.016025
0.017668
0.014860
0.017174
0.014890
0.016717
0.015817
0.017425
0.015201
0.015979
0.015894
0.016389
0.016050
0.016986
0.015808
0.017571
0.014648
0.017070
0.015478
0.016107
0.017120
0.014639
0.017978
0.014928
0.016479
0.017324
0.014704
0.016633
0.016211
0.015893
0.017584
0.014939
0.018226
0.014521
0.015461
0.017399
0.015315
0.016836
0.017313
0.014123
0.016357
0.016086
0.016383
0.016205
0.016314
0.016145
0.017401
0.014934
0.017236
0.015969
0.015401
0.016456
0.016333
0.016077
0.016933
0.014848
0.016419
0.017029
0.015890
0.016141
0.016263
0.016461
0.015853
0.016268
0.016738
0.016039
0.016182
0.015945
0.016443
0.016539
0.015481
0.016941
0.016203
0.015109
0.025451
0.028484
0.016189
0.015095
0.015620
0.015552
0.014706
0.014915
0.015915
0.016128
0.016523
0.016279
0.016875
0.015179
0.016275
0.016614
0.015557
0.024717
0.029764
0.015477
0.014537
0.015989
0.014361
0.016389
0.014302
0.019409
0.014378
0.016156
0.016126
0.015378
0.016367
0.015775
0.016107
0.016463
0.016124
0.016037
0.017296
0.015035
0.017256
0.015714
0.016562
0.016086
0.016178
0.015893
0.016115
0.016184
0.015381
0.016796
0.016060
0.016356
0.015929
0.016601
0.017221
0.015246
0.016263
0.016576
0.016052
0.016105
0.016515
0.016428
0.015997
0.016843
0.015685
0.015657
0.016715
0.016548
0.014716
0.016609
0.016711
0.014931
0.016263
0.016312
0.016198
0.021136
0.014651
0.012104
0.021394
0.013072
0.014735
0.023248
0.029389
0.015373
0.015026
0.014879
0.015569
0.015639
0.017722
0.015445
0.015817
0.015947
0.016289
0.015295
0.016692
0.015804
0.015922
0.016082
0.016310
0.016476
0.016394
0.016558
0.015033
0.017916
0.015181
0.016131
0.015875
0.016512
0.016010
0.016119
0.016433
0.015396
0.016757
0.017496
0.014755
0.015585
0.017652
0.015022
0.016354
0.016159
0.016514
0.016253
0.015911
0.016422
0.016381
0.015382
0.016093
0.016687
0.015621
0.017360
0.015497
0.017091
0.015875
0.015905
0.016097
0.016357
0.016077
0.016876
0.016481
0.014777
0.016427
0.016930
0.016117
0.016407
0.016331
0.016573
0.016427
0.015295
0.015994
0.017325
0.014998
0.016915
0.016462
0.015260
0.017181
0.015727
0.016187
0.016023
0.017300
0.014515
0.016035
0.016864
0.015682
0.016553
0.016657
0.015484
0.015958
0.016550
0.016134
0.015416
0.020151
0.014302
0.014740
0.017798
0.014399
0.016013
0.017465
0.016476
0.014272
0.016617
0.014867
0.017242
0.016568
0.016129
0.016054
0.016779
0.015274
0.023538
0.029769
0.015063
0.015177
0.015622
0.015160
0.016367
0.015990
0.015609
0.015875
0.016333
0.016643
0.017116
0.016088
0.014981
0.016953
0.020916
0.015895
0.015990
0.014149
0.014562
0.016254
0.015653
0.014751
0.016341
0.016245
0.015906
0.016333
0.015633
0.017203
0.015534
0.015936
0.016384
0.016391
0.016706
0.015691
0.016883
0.016387
0.015346
0.015891
0.016283
0.016550
0.029989
0.019741
0.015930
0.016217
0.015378
0.018579
0.015322
0.015157
0.016490
0.016582
0.015620
0.016065
0.016003
0.016905
0.016111
0.015296
0.016846
0.015833
0.016379
0.015620
0.016837
0.016123
0.015670
0.016764
0.016597
0.015617
0.016065
0.014937
0.016110
0.016223
0.017120
0.015907
0.015203
0.017631
0.014552
0.017032
0.016468
0.015856
0.016372
0.015783
0.015409
0.016881
0.016071
0.016549
0.015993
0.016361
0.015801
0.016700
0.015848
0.015554
0.016121
0.015486
0.016939
0.015680
0.015924
0.017445
0.015191
0.024526
0.030228
0.015424
0.013573
0.016071
0.016150
0.014274
0.016432
0.017028
0.014972
0.015781
0.016825
0.015576
0.016938
0.016110
0.016380
0.016047
0.016099
0.024409
0.028740
0.014838
0.015240
0.015074
0.015642
0.016012
0.014837
0.017020
0.016011
0.029378
0.022535
0.013600
0.015754
0.017153
0.015919
0.016131
0.016332
0.016658
0.015292
0.015666
0.015895
0.015504
0.015635
0.016311
0.030524
0.026951
0.028674
0.016124
0.015478
0.014042
0.028363
0.019071
0.015325
0.015101
0.017753
0.015562
0.017449
0.015046
0.016165
0.016003
0.017580
0.014515
0.018351
0.014455
0.016497
0.016130
0.016314
0.016024
0.016414
0.016692
0.015614
0.016244
0.016929
0.014965
0.017679
0.015218
0.015615
0.016492
0.016513
0.016013
0.016872
0.015527
0.016213
0.015944
0.017005
0.016750
0.014899
0.017236
0.015245
0.015866
0.016838
0.015830
0.015645
0.020492
0.013024
0.015836
0.017247
0.015122
0.016260
0.016469
0.015117
0.016646
0.017821
0.015147
0.016053
0.015869
0.016399
0.016223
0.015667
0.017847
0.015150
0.017119
0.016431
0.015272
0.015280
0.016543
0.016432
0.015532
0.019439
0.013745
0.015981
0.015969
0.016018
0.017200
0.015237
0.016318
0.017079
0.015233
0.015877
0.023283
0.017881
0.027394
0.014984
0.015212
0.015676
0.016626
0.015673
0.015194
0.015666
0.017969
0.015212
0.016712
0.015448
0.015909
0.016299
0.016268
0.017116
0.015225
0.017635
0.014995
0.017063
0.014731
0.016171
0.016758
0.016352
0.016135
0.016295
0.016352
0.015479
0.015981
0.016368
0.017105
0.014706
0.017505
0.015380
0.016662
0.015601
0.017322
0.014743
0.017871
0.015626
0.015567
0.017078
0.015307
0.015685
0.016665
0.017059
0.015592
0.015786
0.016423
0.015717
0.017802
0.014546
0.017948
0.014918
0.015616
0.017478
0.015531
0.016840
0.014217
0.017232
0.016251
0.016213
0.016191
0.016903
0.014664
0.017833
0.015272
0.015361
0.017337
0.017072
0.014765
0.016023
0.016661
0.015130
0.017164
0.015583
0.015944
0.018092
0.014825
0.015808
0.018098
0.014844
0.016129
0.016961
0.014552
0.017537
0.015096
0.016914
0.016959
0.014254
0.016417
0.016679
0.016142
0.016758
0.016577
0.017558
0.013305
0.017115
0.015616
0.016698
0.017418
0.014149
0.017871
0.015569
0.017226
0.014843
0.016312
0.015942
0.015703
0.015921
0.018739
0.013901
0.018033
0.015093
0.015007
0.018343
0.014836
0.016256
0.016503
0.016043
0.017292
0.014883
0.015970
0.017712
0.014453
0.017241
0.015556
0.016577
0.017190
0.015012
0.015706
0.016422
0.018517
0.013055
0.017012
0.017080
0.015295
0.016085
0.016130
0.015877
0.016734
0.015741
0.016415
0.016470
0.016634
0.015438
0.016028
0.017451
0.015426
0.015361
