660.137333
454.168125
528.452750
476.857834
496.575084
469.586166
496.302917
463.308000
461.850250
529.873709
500.094125
529.249000
466.551125
494.150792
471.385833
466.132875
462.548458
487.941667
495.972833
458.312917
493.409375
465.193042
470.933458
501.895541
457.842208
525.777459
495.120083
467.120583
487.562417
463.041750
495.619750
463.980500
471.138751
464.061625
565.917875
471.674416
453.787667
496.207334
473.985001
466.068625
471.737000
455.051458
447.823125
532.147084
498.414791
497.364000
460.788417
493.659209
501.606708
512.667251
502.926125
479.945500
478.645875
457.754750
468.660666
456.225417
466.187417
471.874458
468.153208
501.494333
533.233126
528.265417
463.193583
470.915708
468.517084
536.568916
472.057500
449.186417
479.040542
499.804417
463.847958
460.529792
478.756376
473.234667
477.544125
510.633041
505.420500
538.574833
476.734917
518.261500
490.475292
468.826334
463.344834
482.258875
501.305792
561.384500
479.024125
470.598917
484.963417
472.022084
483.048500
534.373500
492.841750
509.224584
505.096834
477.877542
513.078041
462.494625
518.957625
472.626959
568.442292
536.036083
521.900750
472.979917
461.881292
475.375584
475.457291
495.620375
505.942209
506.427875
531.139084
482.503625
504.781209
599.680750
471.747708
493.950542
479.247083
541.903125
466.935000
482.980000
511.999958
473.478209
535.097125
475.171875
469.138541
476.386959
477.049000
471.093417
521.816708
473.694917
528.829291
465.758000
501.479417
508.043708
503.682792
497.327959
477.970291
499.883625
475.198958
478.977750
527.798125
511.058792
539.766500
526.054667
488.778292
539.816000
466.165291
505.627292
481.056875
521.007500
490.486334
497.484792
475.596541
532.916459
473.039792
469.659875
472.825958
469.874041
503.239084
478.388417
483.160250
507.736958
515.459708
482.233625
510.642667
480.722584
538.762583
476.533667
534.056458
476.620750
484.368250
506.139000
515.072042
469.754917
503.175416
471.961709
507.228376
511.714708
460.237750
497.125500
489.848750
500.868000
506.617417
477.453709
527.660834
468.312709
481.782792
507.040375
468.998334
476.652917
474.670500
497.988875
567.834417
486.531958
471.109292
482.152500
463.266625
495.153583
466.470084
492.587917
516.431125
480.798625
467.902875
508.603792
562.594834
483.402541
471.327750
507.209875
489.067042
516.909333
515.274083
510.005625
474.676750
469.128292
543.392250
547.417209
508.178833
512.385916
514.720750
470.408875
494.069250
480.078375
508.339458
512.082709
477.684042
488.171708
503.400875
482.938208
519.490541
508.054125
501.944958
485.289834
478.479458
486.943458
505.144584
502.121334
587.503750
481.969584
478.287583
470.680750
481.012209
477.573500
474.407876
518.412750
516.334333
492.930208
489.846666
512.171583
565.978500
488.340459
507.865750
486.901583
488.391208
465.538501
545.630958
486.842167
518.923459
473.379125
513.632000
481.549917
505.673709
499.046083
476.603250
503.166792
508.798084
524.963083
478.929750
488.490083
484.609667
483.623625
478.258292
475.346167
527.572208
516.256250
487.033750
503.509376
519.459458
498.709125
470.219292
487.944416
475.710750
488.277792
474.369291
494.348667
553.485542
506.522417
552.826292
488.517750
509.166541
480.755833
523.776458
523.029500
492.360708
512.238958
484.405750
479.060625
510.055166
491.813126
483.857542
518.429250
483.211167
549.184917
483.682667
486.779959
513.338875
540.655458
517.393125
502.420583
483.691500
536.318667
562.566000
520.569250
468.954959
489.475709
524.842084
490.312250
480.233667
525.824916
496.202376
496.780917
476.748000
488.221583
531.605125
483.999334
512.289375
489.318083
481.172542
532.898875
517.619667
522.724792
552.894125
483.978666
485.009750
473.621250
503.405417
496.138917
513.733208
513.036292
539.192666
520.683625
481.809917
498.335542
526.615916
545.749042
551.826542
498.404292
495.067417
487.773833
552.417333
473.623250
508.887500
477.096625
533.721208
482.409125
512.106833
481.076500
482.144584
489.845208
480.473042
483.653583
513.606083
512.582291
535.169875
525.299750
519.195542
486.853083
563.540125
476.596709
512.875291
504.614542
493.558709
549.007583
564.755167
507.294375
481.245792
480.375166
476.455041
478.753459
488.179417
468.230833
513.549083
511.606708
546.658500
511.462834
516.603916
484.909417
493.304416
493.088583
480.907042
468.430459
513.500917
484.607542
499.771625
488.215625
547.351167
490.125125
496.792125
487.036083
523.700375
475.471792
560.076001
536.410459
485.227584
470.551541
484.215667
515.681459
483.597916
474.468458
478.642458
524.008708
504.792250
479.197125
482.413500
485.721000
477.084042
488.039375
481.325333
507.051167
475.050792
501.891375
488.809791
485.926958
516.273251
475.079166
500.915459
508.325958
499.518125
517.643042
468.168917
522.244875
508.134917
507.523084
522.451708
480.123459
477.460625
513.986917
482.075125
487.156666
484.221584
528.598084
478.505750
500.742291
483.275916
508.407375
537.123417
472.622750
475.729917
495.145500
493.470458
506.292917
532.295750
486.711666
480.209417
468.326458
470.244125
471.877250
476.298250
472.483167
480.511417
477.248167
488.540333
471.558251
458.795500
463.381625
506.713833
473.607583
481.804709
459.012875
474.816541
477.380875
471.606250
474.481000
496.216542
474.704125
572.411792
464.732375
465.910500
491.492042
472.004458
498.781750
471.484250
468.589791
470.140625
455.057667
497.709209
460.222417
463.181709
479.631458
469.265625
543.101792
459.451583
488.429916
474.758250
500.995416
476.783875
471.791917
467.169625
501.353666
529.575833
474.514000
473.085125
468.745416
555.611042
465.595791
500.732542
470.928125
467.484958
503.445250
467.972375
482.914666
479.312208
501.867792
483.228417
460.711042
509.682458
473.007583
474.442625
478.696875
494.412041
499.730583
458.448500
473.289875
465.414458
469.599834
516.316541
461.816334
476.248500
510.479334
507.888917
467.929250
509.854292
477.681209
478.808875
469.440083
466.790875
496.591750
483.361500
461.401500
500.612000
510.048708
457.619459
538.629791
473.693375
473.326417
478.243750
464.018792
477.160334
471.865916
467.795250
480.997958
496.382167
471.027084
515.870917
495.808375
476.208917
478.703875
474.276792
507.835375
469.816833
474.857041
464.311375
466.387250
473.646375
468.391667
479.910625
509.569459
500.819166
544.095459
505.325167
474.753834
464.087667
477.048250
498.262041
496.850625
479.360792
487.131791
477.673708
464.781500
507.823875
483.883626
483.517667
474.489375
468.363542
471.423458
478.505208
465.425584
476.627042
465.642250
459.965375
523.324458
466.591750
565.147083
480.774417
511.654458
501.707000
502.713292
472.053750
478.006250
467.325625
479.182834
564.004084
514.540584
518.944708
477.625791
504.418958
556.714417
482.555916
513.009083
504.062875
506.281958
496.586042
536.951708
483.392583
485.804209
476.699042
508.251541
548.314041
503.588000
482.753875
474.633625
474.617792
487.748125
481.465042
469.112000
500.682625
508.110458
547.544000
505.943917
539.796041
478.945751
459.915417
473.123458
469.103083
520.795625
495.750667
501.554000
473.730125
471.621000
480.544250
478.266333
493.801292
542.810875
467.715750
524.281500
477.913166
464.784416
505.608750
503.878333
503.266292
508.539917
494.084416
508.013584
481.112208
479.799291
507.291250
460.961666
474.750458
507.516292
476.296375
467.012375
509.943208
466.773333
472.239208
473.625292
504.807000
470.770167
536.380125
472.587333
468.735459
475.253250
479.228625
473.849791
466.839917
510.324208
526.288375
478.907334
537.805583
475.826292
479.672250
470.191459
468.789458
514.080500
469.005458
473.545916
468.717167
479.222376
533.797000
510.647625
464.239125
502.931291
476.897208
489.765375
537.012000
476.532917
487.236125
475.899250
475.158167
474.772542
471.986750
497.209625
500.362125
527.722416
499.827459
475.553541
472.410083
474.481125
509.380292
505.669500
463.944542
498.806375
484.518708
482.247416
485.077375
488.767167
538.035667
494.848625
481.727083
457.078125
462.484750
499.224875
466.032959
470.254875
478.447959
490.120750
531.782584
467.919458
493.863625
471.825500
455.869792
466.616042
462.822709
465.511250
454.702583
474.617541
456.813292
468.621041
460.545084
523.113250
496.110958
471.808375
462.506792
496.173000
470.055542
467.004417
476.194042
478.760333
490.390583
497.377084
467.383583
470.668500
458.840209
464.221500
493.829000
461.341626
476.274500
486.672125
461.347750
499.124875
479.070625
496.775958
472.085000
467.791708
482.055791
498.179083
455.896667
525.504000
453.256750
489.205625
495.917875
470.450875
488.026917
467.574708
455.623500
512.910792
452.335334
462.433792
463.738542
502.435375
464.045583
466.725959
502.931916
459.129834
496.109083
500.217917
468.049917
451.798500
485.476792
487.679834
474.134209
467.097792
502.331959
452.977375
467.164166
463.819083
498.172917
459.505625
451.547458
527.819166
459.493875
458.403125
457.984834
511.642375
453.207834
455.223750
469.398500
452.131791
455.078000
452.105709
454.857583
451.762416
481.369542
437.629416
455.029375
451.798667
450.792334
465.805291
482.841917
446.989458
452.508375
449.755292
454.367292
479.914667
447.981000
454.267166
456.254959
488.747958
466.084041
456.989458
461.897959
485.185625
453.539750
450.449125
453.545792
440.238541
487.410459
485.654208
462.074084
456.439250
452.979167
486.392709
462.547584
455.673500
456.856791
454.946000
451.931709
484.112500
451.364667
462.602792
490.870000
442.766875
454.368833
477.890625
458.577501
490.795250
488.701792
451.458958
465.052125
523.385834
468.340209
452.440583
467.925625
465.745209
452.504916
490.267459
473.635125
471.483542
455.669208
449.276958
460.170667
489.392792
455.539500
462.951667
455.238167
459.251083
455.980792
452.101001
453.662959
493.717917
472.298083
459.247667
444.975875
444.569751
456.962583
457.614833
491.136375
452.418958
456.209625
455.640584
459.434208
467.209375
484.807750
480.079708
456.692625
486.540833
454.109042
451.219000
527.088083
460.302542
497.457041
444.988500
455.822917
453.831875
459.059417
460.309834
460.472792
457.264251
466.814625
487.203000
490.769792
457.820750
484.669126
460.013291
476.838250
458.802625
498.944042
485.123542
482.429917
463.978958
459.744375
489.035459
458.008583
519.148750
497.545833
448.441709
471.407458
482.247584
489.316833
478.071042
484.485875
521.391500
457.750959
528.622000
458.139917
464.202333
495.850167
494.358000
476.820583
503.555875
489.004083
453.236042
453.472041
460.858708
459.331083
464.033791
500.174709
530.460917
494.498459
463.616500
489.605167
475.977291
470.162459
455.388708
454.880291
454.555333
494.999959
491.662959
455.337834
490.363958
456.007958
486.285208
440.682792
456.153750
447.754833
490.184041
491.186500
447.190292
459.148792
486.863667
490.276375
482.745667
466.491209
484.416584
449.802458
456.120292
469.552417
450.690000
518.915209
465.115125
488.769208
454.275167
452.814875
458.612458
480.659334
471.276542
462.897167
456.348584
450.365792
456.905292
455.481459
452.048916
482.226416
486.152083
483.017666
473.767291
456.490625
449.475250
457.858000
460.513417
547.562500
491.461333
450.687375
449.321167
523.062876
486.865500
496.776291
482.214709
455.308625
471.145125
515.738959
456.447042
516.927083
457.212250
464.467750
487.984250
452.916792
520.217833
461.437167
456.538667
506.762958
460.631042
452.387500
496.794541
449.876166
485.524625
455.978667
472.688083
449.421708
449.138958
445.360583
481.939166
453.809208
453.892750
453.467708
487.524500
489.748583
448.092208
486.381167
448.802250
451.845042
444.616584
455.020333
509.123875
450.739292
481.831583
442.777958
455.775542
479.900667
455.191208
455.214458
487.824834
457.856834
449.364458
487.373625
490.091375
449.282875
509.746876
484.454834
447.798292
481.005083
463.493416
481.586709
485.836708
487.053458
457.844750
489.417042
474.076084
440.542625
459.182167
456.082333
485.868125
501.552791
481.308167
488.340708
442.904083
512.280042
460.689584
484.518916
447.822292
463.090792
446.391208
512.485667
454.993500
480.694958
509.076959
450.140334
464.856625
448.772000
451.946792
475.438125
454.815458
508.776750
455.501333
490.001875
455.853542
448.378583
483.387001
511.213417
443.970250
471.729416
451.402041
454.159584
459.814167
480.692791
452.514250
510.097458
438.143416
476.342959
497.234583
475.074000
457.810583
451.295791
483.510333
455.516208
447.815959
452.549417
480.873083
450.339625
483.885458
488.380292
456.881750
483.768625
444.624667
480.867875
522.065292
454.294626
450.655167
458.199125
507.079250
468.681250
451.902208
451.261126
451.822834
449.937500
446.321041
617.301791
488.850125
506.843875
499.504583
507.021709
523.348792
479.677625
474.394000
440.346083
449.949417
452.698000
460.663334
483.748334
454.991542
452.804625
449.722166
450.739208
455.104500
534.078459
493.299417
526.342458
474.466875
524.753542
476.275542
475.275209
477.321500
444.620041
451.708916
478.576041
439.537625
439.633334
455.311708
482.310250
470.602750
455.778375
459.652875
452.617708
472.088709
474.522375
447.826084
477.434000
500.475375
446.356459
523.624000
446.652417
440.226375
449.088125
450.012709
510.742833
488.821166
497.144083
484.081708
482.590167
512.333792
454.449834
462.896708
445.474375
442.082875
455.059833
476.744958
472.622333
493.203584
447.535417
457.260291
510.028750
435.612459
449.745958
477.707792
517.194958
482.692667
466.595750
490.907209
509.045625
445.138042
509.904542
475.115167
471.165417
477.653334
486.964000
448.182084
438.935041
453.748833
490.779709
449.620083
458.853708
479.960834
475.587084
481.398375
434.412001
438.172375
453.573708
454.151042
469.218334
512.914167
533.582542
461.034041
519.606875
512.676166
556.133750
488.801917
478.424084
509.872542
449.419042
485.066166
486.168333
446.097626
518.960250
459.679083
462.884292
461.465958
477.020083
515.304125
455.771667
458.490583
465.632750
478.874959
459.802875
528.322751
516.509000
454.044625
489.921000
515.264750
460.265584
443.227250
497.665875
451.356292
486.945083
451.857500
457.585333
459.003542
453.765083
459.155166
457.275958
493.900916
550.618042
450.534333
457.934916
451.992667
508.893958
512.221542
459.120209
457.757167
447.449458
553.228375
542.652375
467.534501
444.513917
452.823583
483.651708
506.411500
457.174375
471.940750
490.327000
466.909250
462.976583
480.875500
479.758375
448.156000
488.521750
447.187209
483.133417
446.553833
479.435333
472.878584
458.393750
506.257292
477.939583
467.158208
475.680126
481.416584
456.304709
461.017250
459.730542
493.198709
449.676375
463.177209
549.170542
527.523125
518.905834
463.037583
456.532750
517.115750
491.091042
447.423041
459.593792
541.920709
460.142416
465.010958
477.691792
480.643875
452.472000
466.112750
454.362875
473.781167
487.460125
482.820500
467.665625
457.485833
447.337125
487.721792
469.248250
525.748708
521.143292
459.495000
475.803583
445.136875
451.647417
509.837833
506.640334
448.379292
467.742875
450.968084
474.729708
475.545792
507.014334
439.351458
450.704583
444.889084
438.974041
531.901625
459.105708
457.762750
507.963542
522.383417
503.055208
489.312459
490.480917
451.531834
466.245667
441.112875
450.775209
457.839917
578.038209
451.636250
441.931833
453.798667
456.977542
475.439375
485.827625
497.044833
568.150459
447.267125
462.969959
447.569292
458.068958
452.147834
465.221792
444.085500
452.834583
503.554834
478.452459
460.029875
494.644750
479.419250
483.529417
473.732459
481.935667
451.197875
473.424250
549.358250
477.889209
442.146791
453.803584
443.485291
463.147792
496.385750
508.768083
459.434959
473.287583
450.951583
443.562541
448.905333
448.486667
450.545500
511.781583
435.363834
440.860792
509.773250
539.228417
453.557459
480.641167
472.241333
490.149042
435.985042
484.612417
440.332958
450.469250
453.244458
456.350416
525.743167
441.083375
440.046458
454.440958
449.721959
439.587625
500.599833
446.622083
456.037375
487.746875
444.763208
490.068958
486.715167
448.103875
451.078208
485.810167
449.377584
441.027333
449.692626
457.743708
521.486708
482.206833
489.362083
455.543000
439.972625
452.794333
508.245333
483.403042
446.523792
513.122251
464.366750
450.993459
487.205291
518.815417
483.570292
484.369083
460.650209
457.669333
490.166708
492.700417
486.023042
456.042917
468.283916
492.097208
455.030542
454.534875
502.868458
467.198459
460.282875
521.091500
481.728375
453.337459
493.835542
493.581959
449.076208
493.833459
470.575667
453.224041
461.726375
450.896875
508.755709
460.092625
485.705125
482.837459
464.965417
459.889042
469.585375
489.672166
464.262708
470.705792
486.664542
492.114875
463.672667
469.466917
455.039291
454.090292
466.597083
503.545958
489.087792
456.939917
468.269667
522.856500
459.202375
486.695917
506.262000
467.309583
462.369666
457.389292
460.661417
461.111458
452.241708
469.657292
465.028958
451.579584
461.431500
457.288584
456.403167
465.130250
465.129125
445.296209
505.613083
495.710417
458.737541
458.253083
493.423708
488.407875
459.417583
468.295959
462.299750
514.815500
462.753917
462.387792
466.889583
470.603333
499.208291
455.542333
455.810917
454.795083
467.701667
491.049833
446.564375
533.336500
463.195458
463.044333
475.190500
456.803417
464.615041
468.366416
483.844376
461.452209
445.648042
535.831500
472.007625
461.770626
459.804333
471.741291
500.168125
479.472708
465.686083
506.504917
485.091000
467.580708
459.338542
493.078167
475.919916
463.032792
459.360792
491.612334
484.913000
489.413250
462.313417
457.269208
507.754000
475.830917
466.504500
469.686500
464.839625
496.686292
494.525459
463.351417
471.224084
468.380417
494.743333
456.255625
478.490334
499.969375
500.221750
466.164166
457.736501
461.941084
481.057584
500.365125
468.173584
464.132667
461.899917
487.532125
478.466791
467.679667
498.952000
490.640834
462.732458
471.095625
468.132125
486.084041
464.757917
506.247667
467.286208
464.985083
475.701125
487.927333
505.538084
464.688959
463.053042
471.237250
469.053292
534.293917
495.984583
464.647333
504.110167
476.124375
466.803666
466.176125
474.898959
474.172208
464.876417
492.949875
527.443667
473.794250
470.401792
475.302542
468.444167
460.987417
461.553250
469.626417
462.987542
466.583250
466.221209
463.909750
462.191250
468.705584
507.476417
478.459584
469.509000
519.819042
469.187209
550.570792
504.238458
531.304917
475.321917
482.492584
469.851209
476.739625
466.074417
468.852542
492.466792
530.575542
500.578667
473.657541
460.476875
468.156333
501.886709
473.347500
500.563334
528.271416
533.136209
470.832542
470.065417
500.929250
485.230584
472.684292
502.875083
481.245416
499.736042
476.696667
481.371958
476.490833
463.549500
475.958042
507.719083
502.031334
463.676333
479.022125
485.472958
502.771792
472.861583
481.005750
469.498708
527.397125
471.986875
472.366583
475.303042
472.429500
498.984834
515.966084
479.537375
468.711251
499.697667
512.317500
475.821709
494.907625
473.318500
512.157500
500.992291
462.365791
502.092167
499.282958
498.564251
471.787666
514.197167
532.639291
491.197958
496.049791
466.824250
457.101625
473.915042
541.287083
477.324375
471.741583
479.367875
486.750875
464.646500
475.498625
466.560667
509.477042
487.525750
469.357417
473.767916
472.514417
505.284875
474.204667
475.618875
478.951125
484.265250
482.041750
504.253583
473.971959
505.197792
512.084125
511.370041
477.148250
473.567833
501.767208
504.113125
479.869917
507.029000
472.480958
478.550667
481.745458
529.227125
471.403375
507.177125
485.036083
477.420458
533.188792
484.861167
470.280959
506.185750
536.447375
476.034375
478.584125
484.802750
537.700500
473.568209
480.250166
477.715625
492.784583
504.608208
500.162875
470.566834
540.682458
475.866666
483.021292
475.762292
458.454459
467.115542
470.666959
483.245459
474.321042
471.517416
551.098417
506.867167
507.885000
470.769041
495.267417
479.314625
506.645459
478.615709
495.746750
478.135666
471.203417
525.995459
501.491542
474.845584
475.882375
499.259792
478.552333
478.323126
473.956917
484.465833
465.773291
459.844750
503.842000
477.118958
572.473458
507.606834
475.010833
509.463584
507.939667
508.193292
476.031709
476.837750
481.581750
501.093501
467.937583
546.314959
471.405000
463.159500
472.645583
483.779542
529.754708
470.529375
472.641541
505.961000
503.725208
517.518208
466.883000
470.159292
478.024875
471.451833
498.320709
528.281291
488.885166
469.482625
474.856000
480.865916
472.965625
512.364125
510.590708
507.934875
479.809750
513.327251
471.049375
543.018458
504.017917
471.481667
501.354750
471.842958
493.911459
508.756208
513.611834
498.630125
471.266167
478.491750
460.971916
465.519458
473.723458
488.428875
473.574917
471.727917
513.024750
497.522708
478.288250
478.630667
469.614292
537.954208
513.255541
478.020667
476.184500
472.108667
481.531083
467.749416
473.972208
481.918041
481.508041
509.900459
467.966709
489.107125
499.570083
500.875791
538.711084
504.407917
481.335875
496.387542
572.426042
466.861875
516.102208
483.989333
487.728500
507.749959
518.124292
470.941083
472.912167
477.694208
484.007334
473.138500
496.821750
487.223875
513.375000
472.969375
474.383250
478.115625
482.867000
507.100834
468.919458
466.350458
508.153208
471.146208
486.662667
499.861042
507.919584
461.028875
474.325791
468.730333
468.338458
469.832625
472.262458
473.534083
477.618625
507.780417
500.375042
507.404916
475.582583
532.396542
467.706000
503.324875
494.229875
488.789583
469.772375
500.280208
494.798208
474.065125
489.509083
470.779333
474.684625
476.793750
465.840959
465.614375
494.589666
534.240875
465.009083
502.361875
464.097000
469.888459
485.471042
467.986167
497.687000
469.741792
467.047750
456.188542
468.153625
458.422917
472.907000
489.420875
498.380584
493.450417
460.706750
497.951084
461.920375
450.904833
479.804000
466.628791
494.710541
495.742833
470.900292
451.834917
461.666958
458.322625
493.678042
454.985667
461.440250
454.889500
491.299208
469.895875
453.070000
457.229666
463.095458
480.430292
472.610500
469.183625
462.577875
459.626083
466.380875
457.189834
462.013958
461.005416
524.687250
526.703500
461.464501
490.292792
496.733458
464.991417
466.874542
532.868667
492.332251
463.747541
510.049291
467.442042
495.891125
541.205250
464.241875
450.939542
471.174167
461.279583
462.262167
521.991959
494.777375
470.710166
463.053333
501.848375
510.426750
495.668667
495.527209
477.712000
466.113375
464.679625
477.874875
463.899167
527.420083
465.200583
498.943375
486.008375
493.679334
499.592584
459.592459
471.372500
491.415875
492.882875
554.359542
457.002000
503.806125
495.774125
460.512208
485.339542
457.685125
524.163458
452.937334
490.090750
495.700750
489.065625
453.775584
461.557292
483.692250
507.237416
466.995709
449.013334
457.932959
494.161292
465.606250
525.495000
514.484542
471.913208
494.655208
503.524125
459.342000
445.641542
512.663167
485.438750
483.941292
454.663708
489.580417
453.718041
461.274292
453.109667
465.242416
527.889458
456.484458
462.081041
479.920083
461.603500
454.981625
481.964958
462.836333
455.302583
500.682333
479.438792
531.986833
455.932125
457.684667
489.902042
481.613750
468.074833
479.578083
449.235792
483.029458
499.652750
454.370709
447.963708
459.592959
461.174375
529.786083
482.036834
520.571125
447.280083
463.485042
452.763375
473.563542
445.661375
489.280708
490.261416
453.617209
455.033167
449.066167
525.334709
450.528833
461.332042
454.640292
456.066959
451.381459
487.372375
519.170791
468.242709
525.210208
466.225083
458.241042
437.186125
453.930958
448.916750
487.796125
518.886584
451.708833
434.459083
454.824250
455.294542
474.755041
440.889292
451.699625
484.270958
458.035209
461.147834
460.632292
486.475876
452.161417
483.673000
452.799166
479.158375
470.208333
458.120584
515.490209
559.951084
508.296125
458.207417
445.183750
494.908792
443.728417
483.233333
472.035750
482.745458
480.709292
483.584542
509.915167
547.987916
442.891250
474.526084
449.438334
467.743333
449.255542
445.860542
500.445750
452.160042
490.715375
447.387292
481.694125
482.554542
458.110250
483.088833
457.019917
452.327625
453.330500
488.278292
474.586291
488.561875
449.229000
485.819583
439.516750
448.800792
490.152792
441.050375
477.126625
447.914250
444.551125
464.208084
472.017417
461.734000
478.702708
475.450416
522.464250
513.536125
453.192083
521.537917
451.765584
471.594458
443.477500
472.351625
533.831708
452.258334
498.376958
508.874917
510.872042
459.691375
444.597250
448.295541
445.321459
544.312500
454.588167
441.764250
457.194792
454.301625
453.363542
500.064042
452.623083
441.689125
439.116750
436.487833
478.028292
432.121250
441.532208
468.879041
451.707251
441.523833
440.535333
469.556458
450.986667
509.273583
427.304209
477.807667
443.605250
442.945625
454.554625
528.165875
445.717334
523.538208
466.835208
487.127750
480.638417
431.171542
480.072834
442.429209
454.773500
503.900917
489.494459
447.050792
464.559083
443.386791
474.221541
470.372625
450.290000
470.432041
442.092959
441.363458
443.972625
447.952083
453.294542
464.173375
476.793667
507.338375
432.250667
465.751583
478.513917
540.402542
477.349458
446.623917
461.107542
483.728417
480.184167
509.782125
455.131375
481.195000
494.613875
442.626875
456.131042
452.276250
454.076125
448.887208
457.907875
452.330792
484.518791
438.905875
490.557042
441.541750
479.450750
476.702000
447.263625
452.929626
474.846750
524.477458
451.621625
457.416917
460.277583
470.909875
458.833750
479.539625
455.890500
493.165334
449.884750
496.947125
445.206500
491.820875
512.683416
462.798250
464.579917
505.019916
469.990958
456.339916
450.045083
461.386666
543.210834
489.783292
456.066125
451.703333
447.271750
485.849708
492.405542
483.568750
467.226834
451.627625
502.038291
465.762709
455.631166
484.062917
496.292875
468.766542
525.603333
464.430917
546.674584
460.196666
462.182500
470.550917
451.610917
465.359834
460.686041
478.688583
540.902334
467.348250
468.550751
461.370750
485.995375
460.373666
463.374167
516.924375
456.355000
521.827083
536.321834
482.423500
467.957875
489.270167
458.749792
460.118208
471.986125
502.229416
566.541542
465.577501
496.708625
498.974000
460.719416
480.597083
529.500291
494.416417
495.738125
515.933625
537.090292
483.528459
526.597875
461.454542
595.930292
474.584708
480.706500
466.782625
464.125792
465.197333
477.395292
501.940166
474.066375
478.627292
494.919708
498.533958
492.622292
494.612375
471.888542
486.464334
543.010750
524.466958
512.065291
502.865375
504.815083
493.340292
603.551958
490.769584
511.103792
472.380833
514.058792
473.510292
470.865417
459.072042
463.149541
492.786834
464.867000
472.316416
467.825708
475.842666
467.668584
469.576334
465.478459
512.842416
467.300000
474.625708
469.461292
469.942625
472.684542
464.206667
471.135917
467.964541
500.964375
462.319584
466.247416
470.236625
464.146667
500.806208
478.346667
484.759416
501.621209
482.996291
530.127334
473.914375
469.197958
520.063750
469.710250
482.111792
465.308500
468.878083
468.405792
471.655416
511.999125
466.358000
467.601709
492.091667
487.983709
501.496083
471.596083
463.055000
461.689042
466.076625
462.429750
518.772709
478.687792
474.047875
534.436000
478.021708
475.946541
471.970458
484.532542
496.350167
471.620500
458.257625
465.451875
496.805125
472.762000
480.289875
471.626459
467.261542
472.860291
466.710666
536.003417
509.611792
479.444584
497.656750
478.372917
509.936625
515.930459
472.602292
471.333292
479.069709
476.012333
479.939333
467.823375
501.016750
466.622209
540.229792
472.631500
511.877708
469.492250
510.521708
511.074416
507.705709
466.051292
470.675625
478.774125
503.632500
479.320958
474.568166
489.572625
532.238834
500.420458
531.104417
514.604125
476.511375
464.362167
462.427542
475.778250
526.931583
467.281292
501.342166
505.039792
519.084834
493.801166
488.621167
469.626333
470.599167
479.245917
471.728042
457.410417
473.057541
500.447709
477.707917
458.754917
486.664667
523.529416
476.599750
509.282042
470.657625
504.018625
542.148542
506.880250
470.292583
502.867042
500.102042
463.365750
481.611875
475.703708
497.933459
472.677375
461.889917
511.296041
510.515250
509.702417
510.005459
543.301001
510.705833
471.577083
584.788042
512.929833
465.637584
477.384584
464.321667
511.610500
492.261083
483.700167
464.710000
473.454000
476.093542
509.322667
475.564000
499.741542
465.819667
525.609500
474.996042
474.327583
471.963875
547.471042
496.916000
473.081459
476.436375
480.788333
509.091667
506.920042
473.103958
504.479708
508.431708
498.689000
473.785792
515.409000
503.767208
465.927292
540.444000
481.853500
485.517750
506.442417
535.231750
485.091708
475.943125
467.204917
470.261458
519.007834
470.251625
475.895584
509.894000
473.998333
482.028208
489.757167
518.349958
502.509291
478.744876
468.038125
509.299834
481.505375
506.270792
467.012459
503.104833
540.265292
480.353125
473.278000
472.842750
507.689042
479.287792
472.753417
478.464958
467.295375
468.073625
535.707792
486.696167
503.895959
479.669416
477.287000
471.979167
511.066000
544.700084
509.987916
478.530708
478.918541
519.520709
468.217375
512.483834
505.078125
485.165291
561.364292
462.726417
498.411625
484.093042
477.912208
488.973125
490.078833
482.381000
475.533833
474.988875
504.947500
548.511542
478.512917
459.296250
469.800833
471.321917
480.375000
476.313583
490.123167
481.150042
468.654625
481.958375
476.757958
491.741917
514.009417
471.961250
504.236875
536.317167
487.638667
468.493417
469.245916
477.015833
476.254084
509.739375
484.027083
481.967542
548.230375
482.152833
524.607625
471.390959
472.702126
536.572125
545.481500
469.891459
470.539500
485.294000
495.496292
529.305083
480.309625
477.994125
467.149542
485.852042
512.602167
477.818667
480.471209
502.450500
566.683084
535.560625
489.276583
507.076000
504.276291
487.562167
510.796792
504.258125
485.882709
486.501250
530.714750
507.670833
514.039209
471.700917
472.942292
485.387833
477.828166
511.567417
494.935250
510.163417
483.911208
483.033041
511.972876
479.881500
476.466583
474.519416
475.762250
512.501250
471.694125
500.499792
504.816541
473.986500
463.917334
522.152501
465.885709
473.068209
466.333959
505.937625
511.165917
507.542375
502.329250
465.575083
471.356875
466.343042
468.562333
471.143751
480.048917
539.325584
474.666917
513.322583
515.955542
464.566167
474.158958
476.378125
472.031542
482.527500
469.963001
479.238667
473.486750
471.668459
471.086125
466.492584
476.716792
473.034333
482.609583
498.738709
477.241834
499.845042
468.535917
482.546084
464.658583
480.188125
477.111375
506.581375
482.682416
500.055833
476.126042
470.527250
474.358417
466.318292
517.832333
477.592083
520.233666
472.296042
502.045876
485.850542
474.309459
481.655208
492.737875
486.079375
488.710875
477.968875
472.229959
529.690208
489.766917
517.510958
519.215333
482.931750
469.735417
477.572625
473.998334
492.029292
505.574542
479.641750
477.295166
470.507333
487.846833
481.270917
479.699250
525.272833
491.519375
483.919208
506.527875
485.804959
473.596875
506.898167
481.572375
519.086250
501.320542
507.075042
481.961083
478.502125
479.972541
467.427542
497.168708
475.842208
524.958791
541.712084
476.007250
524.332959
486.167792
480.536750
472.776000
518.893875
479.441917
515.685667
474.740791
518.562334
514.414000
504.113292
483.337917
477.592958
483.224375
486.839834
490.632125
505.650083
472.690000
484.922542
511.049125
481.514792
479.541625
486.048126
489.404583
478.129334
512.444667
485.032333
487.361292
487.697084
491.266667
463.896166
470.820875
476.893792
495.395292
482.908625
508.684250
474.538625
466.337791
470.939083
498.575375
479.588917
475.176750
501.136292
482.421875
476.887791
498.363042
470.101084
506.393083
465.068584
480.354916
484.587042
478.771917
473.949750
471.958375
477.819750
475.633333
488.906126
485.303209
463.429625
508.617791
488.962000
535.148251
484.892667
503.871417
535.750209
499.589791
460.391375
464.148417
470.910416
470.954375
477.149125
473.818792
501.221375
478.431250
464.759042
466.416291
470.996208
496.809500
482.878959
500.889833
529.229250
468.338959
499.565625
489.960000
474.692292
475.932708
505.641041
506.738791
507.882292
499.998542
530.574291
460.343917
510.949542
498.634500
502.724500
463.535751
470.450125
506.349084
494.051625
471.185958
469.403709
470.258167
472.231416
484.408917
504.457375
461.881500
471.285417
527.082250
489.633667
468.623375
504.446167
502.934417
465.489375
456.839584
499.030667
507.522458
491.691750
462.937000
473.359250
488.936667
468.281417
470.490708
494.059666
491.013875
474.486084
495.646709
461.295500
467.863333
474.893166
474.055000
492.919084
494.102667
484.084167
495.906666
482.691667
602.569667
468.094875
464.697209
471.972083
469.376291
529.536000
486.329250
464.848500
495.971834
501.895250
476.889459
467.119125
464.228375
491.992083
478.505584
466.510792
459.254125
520.610459
467.484334
464.953500
458.730917
467.701000
475.921459
472.259791
454.865125
468.183583
453.697417
500.510292
461.454917
519.601291
501.180708
488.146666
498.526375
517.625709
484.438500
522.074625
490.803416
460.174167
485.299208
457.039417
452.861000
459.586083
504.313500
523.364792
456.232250
516.955875
477.440000
501.401334
474.898041
468.887166
481.608750
502.885125
469.949833
468.474708
457.873375
511.540833
475.430167
468.873875
466.914791
464.107334
472.924334
468.225833
469.065459
469.384917
533.601875
503.190750
466.414250
468.858542
494.974833
471.028542
454.170958
534.769334
482.539541
461.710583
472.045583
497.819458
502.906458
458.816958
486.532125
445.995167
460.521208
462.665583
464.932709
493.194834
454.676000
488.852750
466.218916
466.632250
458.502709
501.571459
532.012208
458.311209
458.253042
502.538750
499.652166
453.166166
470.480625
504.440958
458.736292
516.447792
489.645833
489.642916
467.140626
462.026958
525.543708
458.595541
439.824791
453.862001
504.814125
454.006250
439.642792
453.546709
483.819333
483.367709
449.862083
449.800667
473.471208
518.336083
454.706166
456.226334
445.830958
451.618083
448.128375
465.501125
464.260542
473.745750
517.081291
491.874792
485.869584
449.907583
481.904291
445.046334
447.718250
455.785375
482.579084
449.063500
457.534541
514.045084
487.850625
471.696416
466.461292
492.698875
449.563167
470.125084
459.479459
449.597916
455.321041
552.179250
455.173875
447.158583
467.138750
460.293667
484.257708
456.727125
490.285334
487.487166
517.013042
500.942833
512.310667
449.106958
489.777834
490.628541
458.157417
455.440375
455.903958
492.718125
457.005500
487.881791
561.084666
462.606959
496.982583
523.342709
461.161916
447.019000
461.922583
474.184958
453.777208
522.336917
516.968000
463.476209
525.146125
464.264916
483.364292
466.811209
497.351625
463.335000
456.286958
471.227291
519.474167
502.164208
505.451750
536.802375
467.935708
459.910584
453.243250
480.453750
467.783916
454.939000
497.871125
492.594458
496.505416
468.631541
459.029208
492.646500
503.465291
469.250583
459.171042
464.440250
505.246334
464.712125
560.728209
488.990125
470.841125
480.092125
499.885958
530.755166
505.594042
461.114334
490.223625
467.715959
521.974125
467.664833
476.183042
466.802916
493.783000
469.331958
496.038208
471.459209
541.201250
532.650709
539.456250
544.798000
471.520625
478.800834
522.291667
494.813792
491.900000
479.271291
462.410584
496.204583
490.022959
522.269833
468.879625
523.451250
491.172959
459.253292
493.402459
505.692667
491.991209
462.028417
492.634667
463.030042
474.803375
467.840583
468.650417
464.622750
456.465000
475.430542
550.999500
491.387250
494.384000
479.338376
475.437667
525.312625
478.074750
503.143541
503.764625
494.819500
495.829750
476.126209
561.181000
498.716875
460.366083
463.725584
473.136708
468.666084
536.247917
556.746959
475.016583
497.817541
478.178500
466.186125
462.055000
493.443125
454.926791
489.610833
470.019458
469.387750
461.212291
504.546834
532.405625
459.584416
483.619166
563.014750
479.395209
471.311000
463.933458
533.983500
473.693542
504.561417
464.287250
527.528000
465.588417
479.181417
497.910875
483.428001
496.118792
475.903542
464.518666
537.426333
508.360542
507.048958
507.811583
460.586750
507.522917
479.192000
477.418667
490.157916
555.091750
489.527375
476.648625
512.380375
466.539209
475.787417
519.767333
463.931041
470.146334
527.409375
495.546792
504.607500
506.156708
538.198792
506.302208
481.500125
525.237583
503.478125
487.948042
505.783625
482.240042
472.717625
505.560750
489.768958
493.993292
469.243917
463.010792
497.293833
503.987708
503.688000
502.675417
508.956875
458.358708
467.254958
467.020042
528.369083
527.499500
471.100417
497.768042
464.748917
489.413833
493.625250
495.800667
462.703209
469.369917
464.136209
501.060667
524.498917
484.509667
525.751875
470.393958
449.546000
462.580167
468.626458
493.960000
462.454583
455.636375
503.232500
489.287500
522.684375
520.126042
454.898500
464.709708
535.460042
483.172750
466.213625
467.017500
517.630458
501.039125
497.124459
462.063583
520.966834
467.813750
493.718000
459.218333
482.309875
489.059709
460.321583
624.823083
454.943208
561.281375
461.811583
461.571375
454.181958
470.921750
457.350000
451.623541
570.837833
454.994250
496.412958
460.412458
478.429500
501.699417
460.564625
465.764042
448.266916
467.921666
456.322791
538.923083
457.266417
452.831334
449.181208
455.618458
464.948375
486.511792
465.255667
480.059541
451.764042
445.546250
449.970208
462.430166
518.039542
452.241292
455.335875
448.784541
448.860250
446.168334
452.833167
483.883292
449.365834
438.071416
486.051333
480.023542
458.440833
462.386250
475.977750
440.401000
443.947792
438.629625
449.294583
447.648375
490.593375
472.294959
489.612292
455.065000
445.341959
474.119208
466.092708
498.336959
463.211042
447.018458
511.939666
468.492292
446.584166
444.536000
440.553000
521.632042
445.255417
481.047166
472.475416
485.805375
445.207708
448.083501
436.251542
441.616709
445.180125
478.519458
474.078167
452.622334
517.782750
465.885000
448.746541
449.897458
475.065333
452.508167
484.469875
487.221250
450.605041
452.963375
483.366042
450.664458
459.326167
478.321125
481.238666
484.333875
452.911084
481.613292
460.224584
459.254417
455.896959
459.264959
450.913125
489.140833
459.577000
492.259375
447.146750
471.583875
459.600833
482.628417
469.725417
526.228166
566.255292
448.660750
447.722500
468.517708
495.069667
459.164167
491.282709
460.666584
454.364084
485.531875
453.979000
458.288917
471.732500
460.362584
462.476125
490.442917
443.147625
454.931042
447.672500
449.219542
455.295417
451.794667
465.024791
518.253708
463.598500
451.804833
489.333084
459.388208
464.629208
489.500625
453.757750
457.677959
462.758791
466.181959
481.613125
445.271041
458.617250
446.947000
457.478708
463.241167
487.233875
454.939875
518.723208
452.629167
461.985084
478.412000
454.769542
464.761500
455.854875
521.137042
456.337917
456.735125
480.166167
449.621625
500.371917
451.732125
454.579875
482.638542
517.792167
458.835958
447.711125
460.393792
454.685709
490.251166
491.799834
446.737834
463.182917
454.927042
470.375750
523.692833
456.597208
451.012375
455.018167
441.974375
457.653792
523.677417
495.021709
474.960667
454.938875
453.349500
503.487625
492.901042
460.758084
469.448209
447.381250
459.152333
455.160708
473.079833
457.277208
491.867708
486.381125
495.158542
449.271667
442.654208
526.231875
483.830375
482.255958
461.755000
489.522750
492.661333
460.178250
445.122125
489.054500
475.464375
457.660042
445.168250
457.862750
448.114167
478.521167
480.684583
473.918833
482.310958
476.849917
485.867042
455.072709
489.644666
448.888250
444.020125
462.671584
464.578625
444.146625
445.040500
456.225584
490.420250
517.760125
489.400833
455.425792
441.640959
448.227041
486.763333
484.239333
446.106125
480.575375
446.737708
453.601958
479.015750
481.383667
445.084125
474.850209
454.018875
458.081000
459.790876
445.891916
455.711333
472.326750
467.396208
449.811125
461.752001
455.666041
482.657583
452.122458
465.404208
453.621958
440.725250
446.947000
449.191292
454.681042
466.424083
481.462666
448.017501
503.310708
482.385125
486.666916
457.602875
483.890041
489.824167
459.428458
457.736792
485.936292
448.309708
443.243708
456.142167
488.096208
440.469625
456.249416
455.473083
457.477458
461.860751
462.684458
484.549875
494.720833
461.918792
500.285500
462.802875
493.285792
446.897792
451.239792
477.769041
513.983625
489.852667
461.726625
521.877584
488.715875
450.993291
456.141958
454.851292
458.869084
461.164667
496.042333
447.459584
453.226417
456.835416
457.010792
451.689125
437.727375
452.907458
456.589167
456.180500
454.307708
463.436041
479.815833
481.965458
496.847084
476.371542
467.527833
521.736959
462.336500
480.441000
493.410000
461.074125
448.956333
445.355291
449.294959
506.628167
438.755917
453.354375
454.688750
462.290916
453.251875
491.786667
458.312667
479.923583
476.419459
451.194333
500.279208
453.727042
486.106834
525.681375
489.725792
458.000291
513.171458
487.115375
456.476125
520.892292
506.341042
486.972917
493.149417
460.534833
454.100375
457.405250
439.823459
458.542542
482.279834
581.176709
494.866666
455.630958
496.639416
450.985666
445.067251
448.566000
518.462542
460.494334
465.585750
454.600001
460.378209
484.200375
484.376834
481.139083
493.937542
470.539500
456.187333
453.149167
466.159750
502.402167
465.119334
464.428584
460.133167
483.975000
452.608000
463.213833
462.825417
530.381125
470.168417
466.846167
440.579250
488.099750
449.705791
457.645876
477.213291
452.848125
458.051375
492.437667
480.645709
460.430959
458.429375
464.610084
460.971125
452.757084
454.426792
461.501125
457.293750
506.757500
455.739542
460.310333
492.427292
472.909667
465.511500
453.448291
495.353750
455.767583
454.595000
496.924209
483.056125
462.326709
467.170458
474.866458
525.777667
460.576750
497.120208
465.823375
508.417000
502.010792
520.353375
505.349458
462.984125
459.624625
460.104542
497.144750
575.773709
450.541209
462.909833
535.592167
460.911417
467.279583
480.120541
469.026458
464.355000
467.353500
502.478126
491.760083
473.657583
457.457083
492.794375
456.161250
506.184125
475.197709
534.319750
462.798583
463.173917
464.752333
521.641667
469.684542
506.746667
474.741958
463.849542
482.008708
472.125333
473.242458
530.255541
473.639333
521.002625
468.951375
464.577125
500.217959
502.217958
529.958959
517.433292
467.189542
472.417292
467.357458
476.758750
588.907333
504.944542
462.780625
503.652583
464.720542
499.826625
460.248250
476.630500
476.763167
470.880875
480.113458
469.895833
506.819917
508.615709
480.076750
508.643458
476.271000
472.746916
508.617501
479.161500
459.078667
484.359250
497.057208
515.965792
489.699500
478.738666
476.348833
482.508833
468.849500
484.389751
477.598209
468.401417
508.943000
481.591875
473.472125
528.734708
496.950458
566.245583
480.189250
506.364959
505.989917
520.222583
479.239667
474.494917
488.223416
508.729542
473.649542
483.036375
486.742084
513.181875
505.729042
467.688126
477.905458
584.139875
482.420333
538.909000
482.291333
481.457583
479.220458
472.173167
515.368708
464.508542
472.233792
507.830875
495.098125
477.499750
507.101042
470.302208
487.756751
477.479125
499.497333
480.175667
473.059542
513.859625
469.986125
457.371584
472.735167
518.303333
470.849584
497.552583
470.483083
532.758750
459.434083
476.237167
473.153125
475.869667
532.646750
512.948917
469.193417
513.784958
478.352167
501.238250
474.579208
478.630041
507.925250
517.861667
484.832959
537.860584
479.303667
473.184667
495.163584
463.454042
472.704959
485.844125
465.430542
460.848458
479.161458
502.860001
488.434084
484.009375
508.845208
514.362458
521.860376
476.284916
471.584667
501.846625
476.773750
504.720083
513.642125
517.161416
501.079542
465.758500
487.711625
487.791376
482.468958
479.258584
500.491916
470.266625
485.039292
499.602709
519.858292
473.924083
505.807209
471.695917
510.138917
517.235376
512.406084
467.876667
483.684875
504.408958
471.738292
470.493417
476.600000
480.598291
576.033917
514.603708
516.291667
602.280333
544.469291
550.902791
485.590708
546.093583
522.805500
494.272750
489.568333
486.251916
481.419667
478.830417
475.394292
481.331792
474.909000
482.054166
482.988042
516.982250
516.248000
522.024625
503.332334
482.851459
478.101542
536.987083
486.806000
479.569166
512.404750
536.903750
509.836042
486.946917
542.117208
508.255542
518.087875
509.434084
538.419250
486.901084
503.633292
488.306417
516.170750
489.725334
467.247042
479.767750
487.846334
505.032959
516.425958
488.771125
488.073083
488.972292
505.839667
473.631875
479.624791
542.933875
491.028375
487.386042
484.946209
513.439250
520.969291
573.995625
474.394584
477.846959
474.869041
487.490542
487.889375
475.334834
480.615625
518.743626
511.593708
489.956042
491.694875
476.036708
474.904000
514.014250
500.668750
574.442875
552.414875
611.495334
640.705708
548.763792
563.791042
537.879208
582.499084
517.490625
545.210916
495.072875
618.777625
552.287792
512.391708
552.409375
535.979583
620.916500
604.330292
547.286541
549.947417
543.004708
544.831708
629.710583
506.990958
576.652250
572.376292
536.811042
544.896084
531.979750
562.183333
506.078125
515.209459
640.260958
553.340250
507.981375
530.205584
517.587208
506.505084
523.941750
554.274583
519.795875
495.458708
588.107334
575.347667
541.737417
616.789750
506.246333
614.164334
607.436333
612.935792
630.959625
593.262417
609.484375
650.281208
584.514333
610.518375
596.793167
541.988083
559.251708
547.869958
568.103375
519.219125
526.946583
590.204792
535.340208
521.928708
518.953042
529.203708
514.536042
514.589833
532.806500
590.261792
570.541750
495.929916
517.360334
600.011000
547.406667
554.996959
672.283667
598.020042
628.199792
586.174792
642.424209
626.073834
607.494250
617.102000
544.791458
587.434333
586.725333
730.894084
585.989584
697.867666
663.749958
584.547792
558.532792
564.370583
558.316416
647.029125
623.229459
612.813417
712.029958
593.887625
617.592959
612.470126
575.355875
624.307125
583.355167
622.489542
640.287667
616.028333
644.480625
614.343209
613.537000
636.016792
642.014875
635.189583
579.124584
657.799041
622.530125
578.968458
605.189208
610.100709
618.064625
669.587500
630.047167
622.579500
636.808166
666.878959
589.848042
602.104667
586.776625
576.639583
618.616208
640.680917
626.818917
563.112000
663.083958
556.809167
606.142626
647.599583
600.372167
706.376333
588.337917
656.449125
626.251958
625.670083
585.502792
581.722625
576.240208
540.809916
562.610125
627.348875
615.044125
608.509834
594.203542
673.842916
590.448541
601.615958
570.211291
602.460709
703.672292
659.489375
631.384083
624.331833
592.608708
614.448542
601.413584
600.336334
568.039708
600.903042
713.426875
612.122375
591.345042
581.617250
602.315000
586.313250
661.527333
568.328125
604.297542
602.641833
606.106250
609.297125
600.834625
709.245791
618.150125
727.077458
610.018501
589.749167
613.355750
584.287875
665.999917
589.436875
663.364125
579.373083
558.484500
489.352416
535.509834
562.369083
542.144583
519.414833
507.051083
598.697250
568.943833
568.180375
562.574292
546.473334
502.853375
514.820125
595.208541
567.981459
550.596625
536.418208
573.137667
604.497000
607.298125
538.190459
522.156125
583.504791
534.109292
545.064167
534.345583
554.307083
594.082666
565.213416
674.933167
658.665709
626.838959
693.937333
582.193708
567.672459
623.709125
548.388416
594.053334
636.704791
643.490000
608.348084
555.629250
623.994541
595.879084
584.017167
555.111000
555.652792
518.564417
518.129917
533.996583
555.559708
532.198416
582.272709
507.417667
579.539333
534.091208
492.037125
515.913208
512.841500
524.653667
493.244375
601.357791
557.186334
522.783958
511.823584
564.517958
509.183667
576.529042
520.589125
531.799250
577.319958
502.324000
494.771083
544.975083
560.759167
523.860750
535.110208
580.350084
554.702500
602.565792
646.318000
631.159333
605.432042
514.317500
543.956250
530.262167
534.885833
504.707083
525.996250
528.504917
504.727625
539.672458
538.530042
512.972417
529.024209
544.895916
536.584583
503.169709
546.303667
612.922667
578.532417
531.303750
519.437375
546.285667
530.904959
536.650708
552.424333
579.722584
580.198876
556.302625
556.180667
509.553417
545.795875
538.826000
519.059666
532.063208
590.354667
517.550542
533.279292
554.556417
589.938334
638.160416
548.741750
565.706792
651.566834
566.638750
594.373500
640.830791
585.668917
575.097250
626.576541
625.351583
663.039292
571.092041
573.841250
540.307834
578.053209
537.697417
591.836500
662.007333
562.844833
613.865292
611.520417
574.332000
593.624667
598.790959
524.466625
514.848125
512.134541
526.528417
510.386250
535.872667
581.734250
587.833417
553.633875
583.173250
522.155542
581.685083
541.467209
543.480208
511.653375
580.193708
505.236167
561.083792
499.936917
561.715292
558.178709
502.773959
577.685083
602.190292
644.323541
647.663875
611.882917
617.188709
591.331500
573.344001
631.849042
624.640750
534.346000
543.002416
610.736709
509.959750
590.712375
522.184625
592.276125
610.828876
566.083291
650.122459
646.015666
546.376083
572.528791
500.083166
491.205958
524.871167
555.535209
584.042917
501.861333
529.935083
552.314625
546.622959
537.967125
555.042958
553.279041
564.721167
545.221542
508.276000
573.738416
546.266417
546.035584
541.624584
526.252667
543.927833
569.537542
553.443084
552.363417
548.787875
562.492542
533.544250
561.609250
620.894417
582.688250
545.504500
603.328208
546.611083
548.103500
601.749167
547.853042
559.780625
611.643791
588.829584
549.744792
632.782791
626.410542
577.310750
547.419750
581.533000
661.905125
605.022791
591.702459
535.598167
644.325459
558.765959
570.845751
593.359167
581.121375
612.050625
569.855083
615.692501
588.752958
584.242000
570.213334
557.166208
588.443042
605.198833
624.256958
558.641958
558.375251
592.810750
579.389208
627.453500
617.553042
620.742251
557.754834
561.178083
592.228667
559.931625
605.236334
597.235834
559.136292
612.346250
643.011167
657.353166
585.411750
570.122083
554.588334
610.344167
555.564292
600.557542
638.861417
585.936876
564.138750
547.712083
524.385417
579.123875
616.062500
592.036000
572.615375
596.932541
571.619667
658.170209
598.681750
573.208542
604.994875
580.804875
540.971250
581.952708
617.038500
638.460667
640.548625
685.688250
520.484583
515.546500
519.336292
569.220625
509.466125
547.069083
555.307125
543.686750
559.163333
530.159958
529.197708
570.128583
661.101083
642.801166
577.404125
588.288500
571.084958
595.739917
548.649750
610.714875
602.662167
572.882292
562.637667
564.666667
603.988333
601.244250
573.462125
576.133666
636.967750
556.730167
626.553584
552.563209
659.888875
569.498250
561.957625
631.531000
592.323959
561.416125
610.953167
636.917333
581.642500
590.863791
566.794041
620.140709
571.805209
572.718625
597.420417
593.598500
613.629958
616.793042
595.286917
588.972958
482.377167
476.442125
473.210708
504.560291
481.345916
542.933041
508.266958
505.097251
467.211625
507.259125
544.150791
498.055125
474.346000
521.675542
476.846917
474.234666
582.636291
582.216083
598.631792
629.224583
525.284792
559.714042
566.785125
528.337208
572.305333
559.284125
573.005000
558.222750
542.295833
581.130792
571.017208
573.649333
519.695584
508.696167
552.892667
565.774916
554.896541
573.291334
528.047542
493.513250
572.751667
547.895417
496.994542
513.608542
489.682875
477.323917
547.227666
515.496083
487.192375
500.069500
516.041042
530.104625
608.199916
557.601625
585.183833
572.299625
547.043292
586.451875
571.269500
583.989750
624.038083
587.583667
577.921167
584.451083
604.064417
550.106292
586.543625
567.307084
591.088166
598.756958
561.874166
557.076958
568.998291
545.644375
563.876541
555.242792
591.207708
535.347709
583.458125
518.588917
567.208166
522.098375
547.957625
578.484292
544.053125
577.036459
529.503417
554.773708
543.096292
562.386334
564.689083
536.774501
531.940792
558.789708
630.497709
529.029541
561.960625
562.401458
618.651500
553.832125
572.750416
527.165250
581.747375
591.811625
515.173958
532.597000
536.969334
563.707542
537.622667
589.671250
655.258376
619.686584
613.124458
573.539708
567.746708
563.966417
579.878500
550.122041
560.777417
574.250458
551.394542
617.744333
605.111750
563.164792
564.160125
577.923792
554.825792
540.740625
544.281167
543.982917
529.054625
623.453375
568.341292
532.586750
556.200251
540.174542
549.611333
545.214125
550.295000
532.951375
661.277000
521.621209
628.045125
579.870833
592.410125
568.438417
537.332542
554.079250
606.862459
549.245084
558.273209
546.059042
575.047375
532.708083
578.600958
539.839583
559.462000
531.204792
545.311834
541.988417
605.195083
528.582042
591.979750
517.918084
504.546667
564.293209
541.991708
604.336250
553.760167
577.894334
576.305042
540.418917
604.938208
565.327500
600.534875
592.492375
584.480208
556.856500
546.013459
573.880667
559.598083
547.087791
542.707834
560.684125
602.110208
546.580042
589.644167
544.621209
548.631333
596.110208
543.679958
545.821000
552.309167
533.372208
547.441291
614.157958
524.151167
537.953625
559.674375
567.121375
542.598167
536.002417
591.627125
644.122417
645.448709
605.875750
587.058084
542.071750
605.996292
628.819833
604.106416
597.403875
566.967625
587.877584
617.459459
588.990709
574.934875
606.116792
586.549500
621.166208
528.530709
536.796000
580.039709
574.238000
568.707292
571.534126
618.988917
573.636667
602.729000
576.354125
636.515292
653.094583
644.218666
619.224541
589.251500
646.006875
590.279125
567.696083
608.480833
599.032833
545.251917
611.628583
606.641292
652.732542
608.319417
588.005500
652.647833
607.894209
582.690209
548.765667
572.675833
530.139583
569.525250
573.894541
569.685708
542.873667
572.339208
624.494417
550.038167
559.702042
574.904708
644.899625
620.114500
585.758125
580.919750
582.076625
559.785917
567.098708
579.146500
593.772583
556.666000
560.805292
591.767042
571.695375
642.161708
590.068375
552.126292
632.303583
579.765250
583.021917
503.225292
647.147916
686.588916
639.045125
571.539417
590.858084
584.556625
581.988125
590.620542
630.077250
659.151500
558.780375
558.083125
622.566750
595.898209
589.047250
649.749000
646.758375
561.379250
607.505875
580.670083
590.133416
534.740250
572.824750
581.261917
556.299542
614.801083
556.296958
626.873666
553.721333
571.424875
586.319917
556.636292
604.492291
600.590041
611.974583
627.422125
611.918834
633.920875
552.628625
573.778333
580.648917
567.771583
542.076209
633.909000
621.302541
581.877375
520.202750
496.626583
550.922042
518.311542
553.037417
499.914000
603.442792
509.683833
535.387875
534.846584
596.653250
527.195333
590.454750
527.094500
613.032709
541.770750
573.700334
542.592375
527.451333
547.831500
553.531292
586.489709
587.485250
508.056083
540.322501
545.078417
591.964500
543.402334
602.230917
591.727875
555.009750
509.042167
511.401542
579.096209
515.087417
550.101458
528.122542
561.386417
617.420584
570.157042
577.061458
517.121583
533.758625
573.793125
538.305459
516.050250
564.978459
580.117375
535.706375
492.628251
525.353583
531.893166
563.810417
540.022500
496.237917
540.077000
501.089458
587.629583
510.044000
525.934667
675.756792
565.057250
532.887875
554.597750
570.984209
529.657083
630.122458
577.498959
598.718167
616.978291
529.756542
565.436542
557.333083
533.440125
581.035750
703.133000
568.645625
587.005916
588.533125
585.478000
569.108583
